player,market,line,best_over_odds,best_over_book,best_over_implied,best_over_last_update,best_under_odds,best_under_book,best_under_implied,best_under_last_update,total_prob,expected_profit_pct,is_arb,over_stake,under_stake,over_return,under_return,guaranteed_profit,total_wager,recommendation,game,game_time,game_is_live,num_bookmakers,over_staleness_minutes,under_staleness_minutes,max_staleness,is_stale,stale_bookmaker,fetch_time_et
A.J. Green,player_threes,1.5,155,williamhill_us,0.39215686274509803,08:49:53 PM ET,200,bovada,0.3333333333333333,08:50:44 PM ET,0.7254901960784313,37.83783783783785,True,54.05,45.95,137.83,137.85,37.83,100.0,"Bet $54.05 Over @ williamhill_us, $45.95 Under @ bovada",Milwaukee Bucks @ Indiana Pacers,2025-12-24T00:41:00Z,True,4,0.9437727666666667,0.09377276666666666,0.9437727666666667,False,,2025-12-23 20:50:49 ET
Egor Demin,player_assists,4.5,165,bovada,0.37735849056603776,08:46:57 PM ET,174,fanduel,0.36496350364963503,08:49:50 PM ET,0.7423219942156728,34.712430426716146,True,50.83,49.17,134.7,134.73,34.7,100.0,"Bet $50.83 Over @ bovada, $49.17 Under @ fanduel",Brooklyn Nets @ Philadelphia 76ers,2025-12-24T00:12:00Z,True,3,3.8771060999999998,0.9937727666666666,3.8771060999999998,True,bovada,2025-12-23 20:50:49 ET
Davion Mitchell,player_assists,5.5,130,draftkings,0.43478260869565216,08:50:36 PM ET,210,bovada,0.3225806451612903,08:48:06 PM ET,0.7573632538569425,32.03703703703704,True,57.41,42.59,132.04,132.03,32.03,100.0,"Bet $57.41 Over @ draftkings, $42.59 Under @ bovada",Toronto Raptors @ Miami Heat,2025-12-24T00:45:00Z,True,4,0.2271061,2.7271061,2.7271061,True,bovada,2025-12-23 20:50:49 ET
Stephon Castle,player_threes,1.5,145,bovada,0.4081632653061225,08:50:40 PM ET,182,fanduel,0.3546099290780142,08:50:25 PM ET,0.7627731943841367,31.10056925996203,True,53.51,46.49,131.1,131.1,31.1,100.0,"Bet $53.51 Over @ bovada, $46.49 Under @ fanduel",Oklahoma City Thunder @ San Antonio Spurs,2025-12-24T01:41:00Z,True,6,0.16043943333333335,0.4104394333333333,0.4104394333333333,False,,2025-12-23 20:50:49 ET
Austin Reaves,player_rebounds,3.5,124,fanduel,0.44642857142857145,08:50:22 PM ET,205,bovada,0.32786885245901637,08:48:54 PM ET,0.7742974238875878,29.149338374291123,True,57.66,42.34,129.16,129.14,29.14,100.0,"Bet $57.66 Over @ fanduel, $42.34 Under @ bovada",Los Angeles Lakers @ Phoenix Suns,2025-12-24T02:10:00Z,False,4,0.46043943333333337,1.9271061,1.9271061,False,,2025-12-23 20:50:49 ET
Josh Giddey,player_threes,2.5,190,bovada,0.3448275862068965,08:50:16 PM ET,130,draftkings,0.43478260869565216,08:50:28 PM ET,0.7796101949025487,28.26923076923078,True,44.23,55.77,128.27,128.27,28.27,100.0,"Bet $44.23 Over @ bovada, $55.77 Under @ draftkings",Chicago Bulls @ Atlanta Hawks,2025-12-24T00:41:00Z,True,3,0.5604394333333332,0.36043943333333334,0.5604394333333332,False,,2025-12-23 20:50:49 ET
Miles Bridges,player_threes,1.5,158,fanduel,0.3875968992248062,08:50:45 PM ET,150,bovada,0.4,08:49:36 PM ET,0.7875968992248062,26.96850393700787,True,49.21,50.79,126.96,126.98,26.96,100.0,"Bet $49.21 Over @ fanduel, $50.79 Under @ bovada",Washington Wizards @ Charlotte Hornets,2025-12-24T00:11:00Z,True,3,0.0771061,1.2271061,1.2271061,False,,2025-12-23 20:50:49 ET
Naji Marshall,player_assists,3.5,160,bovada,0.3846153846153846,08:50:08 PM ET,146,fanduel,0.4065040650406504,08:49:53 PM ET,0.791119449656035,26.403162055335972,True,48.62,51.38,126.41,126.39,26.39,100.0,"Bet $48.62 Over @ bovada, $51.38 Under @ fanduel",Denver Nuggets @ Dallas Mavericks,2025-12-24T01:11:00Z,True,4,0.6937727666666667,0.9437727666666667,0.9437727666666667,False,,2025-12-23 20:50:49 ET
Scottie Barnes,player_assists,3.5,114,draftkings,0.4672897196261682,08:50:36 PM ET,205,bovada,0.32786885245901637,08:48:06 PM ET,0.7951585720851846,25.761078998073227,True,58.77,41.23,125.77,125.75,25.75,100.0,"Bet $58.77 Over @ draftkings, $41.23 Under @ bovada",Toronto Raptors @ Miami Heat,2025-12-24T00:45:00Z,True,4,0.2271061,2.7271061,2.7271061,True,bovada,2025-12-23 20:50:49 ET
Jeremiah Fears,player_rebounds,4.5,215,bovada,0.3174603174603175,08:47:50 PM ET,104,fanduel,0.49019607843137253,08:50:03 PM ET,0.80765639589169,23.815028901734102,True,39.31,60.69,123.83,123.81,23.81,100.0,"Bet $39.31 Over @ bovada, $60.69 Under @ fanduel",New Orleans Pelicans @ Cleveland Cavaliers,2025-12-24T00:42:00Z,True,4,2.9937727666666665,0.7771060999999999,2.9937727666666665,True,bovada,2025-12-23 20:50:49 ET
Kevin Love,player_rebounds,7.5,200,bovada,0.33333333333333337,08:50:27 PM ET,110,fanduel,0.47619047619047616,08:50:06 PM ET,0.8095238095238095,23.529411764705888,True,41.18,58.82,123.54,123.52,23.52,100.0,"Bet $41.18 Over @ bovada, $58.82 Under @ fanduel",Memphis Grizzlies @ Utah Jazz,2025-12-24T02:10:00Z,False,5,0.3771061,0.7271061,0.7271061,False,,2025-12-23 20:50:49 ET
Ja'Kobe Walter,player_threes,0.5,105,draftkings,0.4878048780487804,08:50:36 PM ET,200,bovada,0.3333333333333333,08:48:06 PM ET,0.8211382113821137,21.7821782178218,True,59.41,40.59,121.79,121.77,21.77,100.0,"Bet $59.41 Over @ draftkings, $40.59 Under @ bovada",Toronto Raptors @ Miami Heat,2025-12-24T00:45:00Z,True,2,0.2271061,2.7271061,2.7271061,True,bovada,2025-12-23 20:50:49 ET
Nicolas Claxton,player_points,16.5,200,bovada,0.3333333333333333,08:46:57 PM ET,104,fanduel,0.49019607843137253,08:49:50 PM ET,0.8235294117647058,21.42857142857144,True,40.48,59.52,121.44,121.42,21.42,100.0,"Bet $40.48 Over @ bovada, $59.52 Under @ fanduel",Brooklyn Nets @ Philadelphia 76ers,2025-12-24T00:12:00Z,True,2,3.8771060999999998,0.9937727666666666,3.8771060999999998,True,bovada,2025-12-23 20:50:49 ET
Kyle Kuzma,player_points,11.5,-102,williamhill_us,0.504950495049505,08:49:53 PM ET,210,bovada,0.3225806451612903,08:50:44 PM ET,0.8275311402107952,20.841373986877663,True,61.02,38.98,120.84,120.84,20.84,100.0,"Bet $61.02 Over @ williamhill_us, $38.98 Under @ bovada",Milwaukee Bucks @ Indiana Pacers,2025-12-24T00:41:00Z,True,3,0.9437727666666667,0.09377276666666666,0.9437727666666667,False,,2025-12-23 20:50:49 ET
Jordan Clarkson,player_threes,1.5,122,fanduel,0.4504504504504504,08:48:55 PM ET,165,bovada,0.37735849056603776,08:47:42 PM ET,0.8278089410164882,20.80082135523613,True,54.41,45.59,120.79,120.81,20.79,100.0,"Bet $54.41 Over @ fanduel, $45.59 Under @ bovada",New York Knicks @ Minnesota Timberwolves,2025-12-24T01:11:00Z,True,4,1.9104394333333334,3.1271060999999998,3.1271060999999998,True,bovada,2025-12-23 20:50:49 ET
Cameron Johnson,player_threes,1.5,132,fanduel,0.43103448275862066,08:49:53 PM ET,150,bovada,0.4,08:50:08 PM ET,0.8310344827586207,20.331950207468875,True,51.87,48.13,120.34,120.32,20.33,100.0,"Bet $51.87 Over @ fanduel, $48.13 Under @ bovada",Denver Nuggets @ Dallas Mavericks,2025-12-24T01:11:00Z,True,4,0.9437727666666667,0.6937727666666667,0.9437727666666667,False,,2025-12-23 20:50:49 ET
De'Aaron Fox,player_points,14.5,-104,fanduel,0.5098039215686274,08:50:25 PM ET,210,bovada,0.3225806451612903,08:50:40 PM ET,0.8323845667299177,20.136778115501542,True,61.25,38.75,120.14,120.12,20.12,100.0,"Bet $61.25 Over @ fanduel, $38.75 Under @ bovada",Oklahoma City Thunder @ San Antonio Spurs,2025-12-24T01:41:00Z,True,2,0.4104394333333333,0.16043943333333335,0.4104394333333333,False,,2025-12-23 20:50:49 ET
Nikola Vucevic,player_assists,2.5,140,draftkings,0.4166666666666667,08:50:28 PM ET,140,bovada,0.4166666666666667,08:50:16 PM ET,0.8333333333333334,19.999999999999996,True,50.0,50.0,120.0,120.0,20.0,100.0,"Bet $50.00 Over @ draftkings, $50.00 Under @ bovada",Chicago Bulls @ Atlanta Hawks,2025-12-24T00:41:00Z,True,3,0.36043943333333334,0.5604394333333332,0.5604394333333332,False,,2025-12-23 20:50:49 ET
Davion Mitchell,player_points,7.5,106,williamhill_us,0.4854368932038835,08:49:50 PM ET,185,bovada,0.3508771929824561,08:48:06 PM ET,0.8363140861863396,19.57230142566191,True,58.04,41.96,119.56,119.59,19.56,100.0,"Bet $58.04 Over @ williamhill_us, $41.96 Under @ bovada",Toronto Raptors @ Miami Heat,2025-12-24T00:45:00Z,True,4,0.9937727666666666,2.7271061,2.7271061,True,bovada,2025-12-23 20:50:49 ET
Tre Jones,player_points,7.5,102,fanduel,0.49504950495049505,08:50:23 PM ET,190,bovada,0.3448275862068966,08:50:16 PM ET,0.8398770911573916,19.065040650406505,True,58.94,41.06,119.06,119.07,19.06,100.0,"Bet $58.94 Over @ fanduel, $41.06 Under @ bovada",Chicago Bulls @ Atlanta Hawks,2025-12-24T00:41:00Z,True,2,0.4437727666666667,0.5604394333333332,0.5604394333333332,False,,2025-12-23 20:50:49 ET
Bennedict Mathurin,player_points,15.5,-105,draftkings,0.5121951219512195,08:50:09 PM ET,205,bovada,0.32786885245901637,08:50:44 PM ET,0.8400639744102358,19.03855306996669,True,60.97,39.03,119.04,119.04,19.04,100.0,"Bet $60.97 Over @ draftkings, $39.03 Under @ bovada",Milwaukee Bucks @ Indiana Pacers,2025-12-24T00:41:00Z,True,4,0.6771060999999999,0.09377276666666666,0.6771060999999999,False,,2025-12-23 20:50:49 ET
Jarrett Allen,player_points,12.5,104,fanduel,0.4901960784313726,08:48:50 PM ET,185,bovada,0.3508771929824561,08:47:50 PM ET,0.8410732714138287,18.895705521472394,True,58.28,41.72,118.89,118.9,18.89,100.0,"Bet $58.28 Over @ fanduel, $41.72 Under @ bovada",New Orleans Pelicans @ Cleveland Cavaliers,2025-12-24T00:42:00Z,True,4,1.9937727666666667,2.9937727666666665,2.9937727666666665,True,bovada,2025-12-23 20:50:49 ET
T.J. McConnell,player_points,10.5,200,bovada,0.33333333333333326,08:50:44 PM ET,-104,fanduel,0.5098039215686274,08:50:47 PM ET,0.8431372549019607,18.60465116279071,True,39.53,60.47,118.59,118.61,18.59,100.0,"Bet $39.53 Over @ bovada, $60.47 Under @ fanduel",Milwaukee Bucks @ Indiana Pacers,2025-12-24T00:41:00Z,True,2,0.09377276666666666,0.043772766666666664,0.09377276666666666,False,,2025-12-23 20:50:49 ET
Nickeil Alexander-Walker,player_assists,2.5,134,fanduel,0.42735042735042733,08:50:23 PM ET,140,bovada,0.4166666666666667,08:50:16 PM ET,0.844017094017094,18.481012658227858,True,50.63,49.37,118.47,118.49,18.47,100.0,"Bet $50.63 Over @ fanduel, $49.37 Under @ bovada",Chicago Bulls @ Atlanta Hawks,2025-12-24T00:41:00Z,True,4,0.4437727666666667,0.5604394333333332,0.5604394333333332,False,,2025-12-23 20:50:49 ET
Isaiah Hartenstein,player_points,11.5,180,bovada,0.3571428571428572,08:50:40 PM ET,105,draftkings,0.4878048780487805,08:50:34 PM ET,0.8449477351916377,18.350515463917528,True,42.27,57.73,118.36,118.35,18.35,100.0,"Bet $42.27 Over @ bovada, $57.73 Under @ draftkings",Oklahoma City Thunder @ San Antonio Spurs,2025-12-24T01:41:00Z,True,4,0.16043943333333335,0.26043943333333336,0.26043943333333336,False,,2025-12-23 20:50:49 ET
Kel'el Ware,player_points,11.5,-105,draftkings,0.5121951219512195,08:50:36 PM ET,200,bovada,0.3333333333333333,08:48:06 PM ET,0.8455284552845528,18.26923076923077,True,60.58,39.42,118.28,118.26,18.26,100.0,"Bet $60.58 Over @ draftkings, $39.42 Under @ bovada",Toronto Raptors @ Miami Heat,2025-12-24T00:45:00Z,True,3,0.2271061,2.7271061,2.7271061,True,bovada,2025-12-23 20:50:49 ET
Nickeil Alexander-Walker,player_points,21.5,185,bovada,0.3508771929824561,08:50:16 PM ET,102,fanduel,0.49504950495049505,08:50:23 PM ET,0.8459266979329512,18.213552361396303,True,41.48,58.52,118.22,118.21,18.21,100.0,"Bet $41.48 Over @ bovada, $58.52 Under @ fanduel",Chicago Bulls @ Atlanta Hawks,2025-12-24T00:41:00Z,True,2,0.5604394333333332,0.4437727666666667,0.5604394333333332,False,,2025-12-23 20:50:49 ET
Trey Murphy III,player_assists,4.5,180,bovada,0.35714285714285715,08:47:50 PM ET,104,williamhill_us,0.49019607843137253,08:49:31 PM ET,0.8473389355742297,18.016528925619845,True,42.15,57.85,118.02,118.01,18.01,100.0,"Bet $42.15 Over @ bovada, $57.85 Under @ williamhill_us",New Orleans Pelicans @ Cleveland Cavaliers,2025-12-24T00:42:00Z,True,4,2.9937727666666665,1.3104394333333333,2.9937727666666665,True,bovada,2025-12-23 20:50:49 ET
Nicolas Claxton,player_assists,3.5,178,fanduel,0.3597122302158273,08:49:50 PM ET,105,bovada,0.4878048780487805,08:46:57 PM ET,0.8475171082646078,17.991718426501045,True,42.44,57.56,117.98,118.0,17.98,100.0,"Bet $42.44 Over @ fanduel, $57.56 Under @ bovada",Brooklyn Nets @ Philadelphia 76ers,2025-12-24T00:12:00Z,True,4,0.9937727666666666,3.8771060999999998,3.8771060999999998,True,bovada,2025-12-23 20:50:49 ET
Julius Randle,player_rebounds,5.5,100,fanatics,0.5,08:50:17 PM ET,185,bovada,0.3508771929824561,08:47:42 PM ET,0.8508771929824561,17.525773195876294,True,58.76,41.24,117.52,117.53,17.52,100.0,"Bet $58.76 Over @ fanatics, $41.24 Under @ bovada",New York Knicks @ Minnesota Timberwolves,2025-12-24T01:11:00Z,True,5,0.5437727666666666,3.1271060999999998,3.1271060999999998,True,bovada,2025-12-23 20:50:49 ET
Darius Garland,player_rebounds,2.5,117,williamhill_us,0.46082949308755755,08:49:31 PM ET,155,bovada,0.39215686274509803,08:47:50 PM ET,0.8529863558326556,17.235169491525436,True,54.03,45.97,117.25,117.22,17.22,100.0,"Bet $54.03 Over @ williamhill_us, $45.97 Under @ bovada",New Orleans Pelicans @ Cleveland Cavaliers,2025-12-24T00:42:00Z,True,3,1.3104394333333333,2.9937727666666665,2.9937727666666665,True,bovada,2025-12-23 20:50:49 ET
Stephon Castle,player_rebounds,4.5,110,fanduel,0.47619047619047616,08:50:25 PM ET,165,bovada,0.37735849056603776,08:50:40 PM ET,0.8535489667565139,17.157894736842106,True,55.79,44.21,117.16,117.16,17.16,100.0,"Bet $55.79 Over @ fanduel, $44.21 Under @ bovada",Oklahoma City Thunder @ San Antonio Spurs,2025-12-24T01:41:00Z,True,4,0.4104394333333333,0.16043943333333335,0.4104394333333333,False,,2025-12-23 20:50:49 ET
Harrison Barnes,player_points,12.5,180,bovada,0.3571428571428572,08:50:40 PM ET,100,draftkings,0.5,08:50:34 PM ET,0.8571428571428572,16.66666666666665,True,41.67,58.33,116.68,116.66,16.66,100.0,"Bet $41.67 Over @ bovada, $58.33 Under @ draftkings",Oklahoma City Thunder @ San Antonio Spurs,2025-12-24T01:41:00Z,True,3,0.16043943333333335,0.26043943333333336,0.26043943333333336,False,,2025-12-23 20:50:49 ET
Jonas Valanciunas,player_points_rebounds_assists,11.5,100,draftkings,0.5,08:50:20 PM ET,180,bovada,0.35714285714285715,08:50:08 PM ET,0.8571428571428572,16.66666666666665,True,58.33,41.67,116.66,116.68,16.66,100.0,"Bet $58.33 Over @ draftkings, $41.67 Under @ bovada",Denver Nuggets @ Dallas Mavericks,2025-12-24T01:11:00Z,True,2,0.4937727666666667,0.6937727666666667,0.6937727666666667,False,,2025-12-23 20:50:49 ET
Austin Reaves,player_assists,5.5,122,fanduel,0.4504504504504505,08:50:22 PM ET,145,bovada,0.40816326530612246,08:48:54 PM ET,0.858613715756573,16.466809421841532,True,52.46,47.54,116.46,116.47,16.46,100.0,"Bet $52.46 Over @ fanduel, $47.54 Under @ bovada",Los Angeles Lakers @ Phoenix Suns,2025-12-24T02:10:00Z,False,3,0.46043943333333337,1.9271061,1.9271061,False,,2025-12-23 20:50:49 ET
Pascal Siakam,player_assists,2.5,105,draftkings,0.4878048780487805,08:50:09 PM ET,165,bovada,0.37735849056603776,08:50:44 PM ET,0.8651633686148182,15.585106382978719,True,56.38,43.62,115.58,115.59,15.58,100.0,"Bet $56.38 Over @ draftkings, $43.62 Under @ bovada",Milwaukee Bucks @ Indiana Pacers,2025-12-24T00:41:00Z,True,5,0.6771060999999999,0.09377276666666666,0.6771060999999999,False,,2025-12-23 20:50:49 ET
Myles Turner,player_points,10.5,-114,williamhill_us,0.5327102803738317,08:49:53 PM ET,200,bovada,0.3333333333333333,08:50:44 PM ET,0.866043613707165,15.467625899280591,True,61.51,38.49,115.47,115.47,15.47,100.0,"Bet $61.51 Over @ williamhill_us, $38.49 Under @ bovada",Milwaukee Bucks @ Indiana Pacers,2025-12-24T00:41:00Z,True,3,0.9437727666666667,0.09377276666666666,0.9437727666666667,False,,2025-12-23 20:50:49 ET
Sandro Mamukelashvili,player_points,15.5,200,bovada,0.33333333333333326,08:48:06 PM ET,-114,fanduel,0.5327102803738317,08:50:28 PM ET,0.866043613707165,15.467625899280591,True,38.49,61.51,115.47,115.47,15.47,100.0,"Bet $38.49 Over @ bovada, $61.51 Under @ fanduel",Toronto Raptors @ Miami Heat,2025-12-24T00:45:00Z,True,4,2.7271061,0.36043943333333334,2.7271061,True,bovada,2025-12-23 20:50:49 ET
Bobby Portis,player_rebounds,10.5,215,bovada,0.31746031746031744,08:50:44 PM ET,-122,fanduel,0.5495495495495496,08:50:47 PM ET,0.867009867009867,15.338941118258287,True,36.62,63.38,115.35,115.33,15.33,100.0,"Bet $36.62 Over @ bovada, $63.38 Under @ fanduel",Milwaukee Bucks @ Indiana Pacers,2025-12-24T00:41:00Z,True,4,0.09377276666666666,0.043772766666666664,0.09377276666666666,False,,2025-12-23 20:50:49 ET
Paul George,player_points,19.5,200,bovada,0.33333333333333337,08:46:57 PM ET,-115,draftkings,0.5348837209302325,08:50:33 PM ET,0.8682170542635659,15.178571428571441,True,38.39,61.61,115.17,115.18,15.17,100.0,"Bet $38.39 Over @ bovada, $61.61 Under @ draftkings",Brooklyn Nets @ Philadelphia 76ers,2025-12-24T00:12:00Z,True,2,3.8771060999999998,0.2771061,3.8771060999999998,True,bovada,2025-12-23 20:50:49 ET
Julius Randle,player_threes,1.5,170,draftkings,0.37037037037037035,08:50:36 PM ET,100,bovada,0.5,08:47:42 PM ET,0.8703703703703703,14.893617021276606,True,42.55,57.45,114.88,114.9,14.89,100.0,"Bet $42.55 Over @ draftkings, $57.45 Under @ bovada",New York Knicks @ Minnesota Timberwolves,2025-12-24T01:11:00Z,True,3,0.2271061,3.1271060999999998,3.1271060999999998,True,bovada,2025-12-23 20:50:49 ET
Saddiq Bey,player_rebounds,5.5,134,fanduel,0.4273504273504274,08:50:03 PM ET,125,bovada,0.4444444444444444,08:47:50 PM ET,0.8717948717948718,14.705882352941169,True,49.02,50.98,114.71,114.7,14.7,100.0,"Bet $49.02 Over @ fanduel, $50.98 Under @ bovada",New Orleans Pelicans @ Cleveland Cavaliers,2025-12-24T00:42:00Z,True,2,0.7771060999999999,2.9937727666666665,2.9937727666666665,True,bovada,2025-12-23 20:50:49 ET
Rudy Gobert,player_rebounds,12.5,165,bovada,0.37735849056603776,08:47:42 PM ET,102,fanduel,0.49504950495049505,08:48:55 PM ET,0.8724079955165328,14.62526766595289,True,43.25,56.75,114.61,114.64,14.61,100.0,"Bet $43.25 Over @ bovada, $56.75 Under @ fanduel",New York Knicks @ Minnesota Timberwolves,2025-12-24T01:11:00Z,True,3,3.1271060999999998,1.9104394333333334,3.1271060999999998,True,bovada,2025-12-23 20:50:49 ET
Jalen Johnson,player_rebounds,12.5,190,bovada,0.3448275862068966,08:50:16 PM ET,-112,williamhill_us,0.5283018867924528,08:49:49 PM ET,0.8731294729993494,14.53055141579731,True,39.49,60.51,114.52,114.54,14.52,100.0,"Bet $39.49 Over @ bovada, $60.51 Under @ williamhill_us",Chicago Bulls @ Atlanta Hawks,2025-12-24T00:41:00Z,True,3,0.5604394333333332,1.0104394333333333,1.0104394333333333,False,,2025-12-23 20:50:49 ET
T.J. McConnell,player_points,9.5,145,bovada,0.4081632653061225,08:50:44 PM ET,114,draftkings,0.4672897196261682,08:50:09 PM ET,0.8754529849322907,14.226579520697168,True,46.62,53.38,114.22,114.23,14.22,100.0,"Bet $46.62 Over @ bovada, $53.38 Under @ draftkings",Milwaukee Bucks @ Indiana Pacers,2025-12-24T00:41:00Z,True,2,0.09377276666666666,0.6771060999999999,0.6771060999999999,False,,2025-12-23 20:50:49 ET
Bobby Portis,player_points,19.5,165,bovada,0.37735849056603776,08:50:44 PM ET,100,draftkings,0.5,08:50:09 PM ET,0.8773584905660378,13.978494623655902,True,43.01,56.99,113.98,113.98,13.98,100.0,"Bet $43.01 Over @ bovada, $56.99 Under @ draftkings",Milwaukee Bucks @ Indiana Pacers,2025-12-24T00:41:00Z,True,4,0.09377276666666666,0.6771060999999999,0.6771060999999999,False,,2025-12-23 20:50:49 ET
Nikola Vucevic,player_points,18.5,185,bovada,0.3508771929824561,08:50:16 PM ET,-112,fanduel,0.5283018867924528,08:50:23 PM ET,0.879179079774909,13.742469879518083,True,39.91,60.09,113.74,113.74,13.74,100.0,"Bet $39.91 Over @ bovada, $60.09 Under @ fanduel",Chicago Bulls @ Atlanta Hawks,2025-12-24T00:41:00Z,True,2,0.5604394333333332,0.4437727666666667,0.5604394333333332,False,,2025-12-23 20:50:49 ET
Isaiah Hartenstein,player_rebounds,10.5,185,bovada,0.3508771929824561,08:50:40 PM ET,-112,fanduel,0.5283018867924528,08:50:25 PM ET,0.879179079774909,13.742469879518083,True,39.91,60.09,113.74,113.74,13.74,100.0,"Bet $39.91 Over @ bovada, $60.09 Under @ fanduel",Oklahoma City Thunder @ San Antonio Spurs,2025-12-24T01:41:00Z,True,4,0.16043943333333335,0.4104394333333333,0.4104394333333333,False,,2025-12-23 20:50:49 ET
LaMelo Ball,player_threes,3.5,140,bovada,0.4166666666666667,08:49:36 PM ET,116,fanduel,0.46296296296296297,08:50:45 PM ET,0.8796296296296297,13.684210526315788,True,47.37,52.63,113.69,113.68,13.68,100.0,"Bet $47.37 Over @ bovada, $52.63 Under @ fanduel",Washington Wizards @ Charlotte Hornets,2025-12-24T00:11:00Z,True,3,1.2271061,0.0771061,1.2271061,False,,2025-12-23 20:50:49 ET
Trey Murphy III,player_rebounds,4.5,-115,draftkings,0.5348837209302325,08:50:36 PM ET,190,bovada,0.3448275862068966,08:47:50 PM ET,0.8797113071371291,13.673655423883325,True,60.8,39.2,113.67,113.68,13.67,100.0,"Bet $60.80 Over @ draftkings, $39.20 Under @ bovada",New Orleans Pelicans @ Cleveland Cavaliers,2025-12-24T00:42:00Z,True,4,0.2271061,2.9937727666666665,2.9937727666666665,True,bovada,2025-12-23 20:50:49 ET
Donovan Mitchell,player_assists,4.5,120,draftkings,0.45454545454545453,08:50:36 PM ET,135,bovada,0.425531914893617,08:47:50 PM ET,0.8800773694390716,13.626373626373622,True,51.65,48.35,113.63,113.62,13.62,100.0,"Bet $51.65 Over @ draftkings, $48.35 Under @ bovada",New Orleans Pelicans @ Cleveland Cavaliers,2025-12-24T00:42:00Z,True,5,0.2271061,2.9937727666666665,2.9937727666666665,True,bovada,2025-12-23 20:50:49 ET
Nikola Jokic,player_assists,8.5,-125,fanduel,0.5555555555555556,08:49:53 PM ET,205,bovada,0.32786885245901637,08:50:08 PM ET,0.8834244080145719,13.195876288659791,True,62.89,37.11,113.2,113.19,13.19,100.0,"Bet $62.89 Over @ fanduel, $37.11 Under @ bovada",Denver Nuggets @ Dallas Mavericks,2025-12-24T01:11:00Z,True,4,0.9437727666666667,0.6937727666666667,0.9437727666666667,False,,2025-12-23 20:50:49 ET
Paul George,player_points,18.5,160,bovada,0.3846153846153846,08:46:57 PM ET,100,williamhill_us,0.5,08:50:05 PM ET,0.8846153846153846,13.043478260869579,True,43.48,56.52,113.05,113.04,13.04,100.0,"Bet $43.48 Over @ bovada, $56.52 Under @ williamhill_us",Brooklyn Nets @ Philadelphia 76ers,2025-12-24T00:12:00Z,True,3,3.8771060999999998,0.7437727666666666,3.8771060999999998,True,bovada,2025-12-23 20:50:49 ET
Nikola Vucevic,player_points,17.5,150,bovada,0.4,08:50:16 PM ET,105,draftkings,0.4878048780487805,08:50:28 PM ET,0.8878048780487805,12.637362637362637,True,45.05,54.95,112.62,112.65,12.62,100.0,"Bet $45.05 Over @ bovada, $54.95 Under @ draftkings",Chicago Bulls @ Atlanta Hawks,2025-12-24T00:41:00Z,True,2,0.5604394333333332,0.36043943333333334,0.5604394333333332,False,,2025-12-23 20:50:49 ET
Josh Hart,player_points,11.5,-125,fanduel,0.5555555555555556,08:48:55 PM ET,200,bovada,0.3333333333333333,08:47:42 PM ET,0.8888888888888888,12.5,True,62.5,37.5,112.5,112.5,12.5,100.0,"Bet $62.50 Over @ fanduel, $37.50 Under @ bovada",New York Knicks @ Minnesota Timberwolves,2025-12-24T01:11:00Z,True,3,1.9104394333333334,3.1271060999999998,3.1271060999999998,True,bovada,2025-12-23 20:50:49 ET
Brandon Ingram,player_rebounds,6.5,130,bovada,0.43478260869565216,08:48:06 PM ET,120,draftkings,0.45454545454545453,08:50:36 PM ET,0.8893280632411067,12.444444444444457,True,48.89,51.11,112.45,112.44,12.44,100.0,"Bet $48.89 Over @ bovada, $51.11 Under @ draftkings",Toronto Raptors @ Miami Heat,2025-12-24T00:45:00Z,True,5,2.7271061,0.2271061,2.7271061,True,bovada,2025-12-23 20:50:49 ET
Mike Conley,player_threes,1.5,-115,bovada,0.5348837209302324,08:47:42 PM ET,182,fanduel,0.3546099290780142,08:48:55 PM ET,0.8894936500082467,12.423511959948087,True,60.13,39.87,112.42,112.43,12.42,100.0,"Bet $60.13 Over @ bovada, $39.87 Under @ fanduel",New York Knicks @ Minnesota Timberwolves,2025-12-24T01:11:00Z,True,3,3.1271060999999998,1.9104394333333334,3.1271060999999998,True,bovada,2025-12-23 20:50:49 ET
Darius Garland,player_assists,8.5,170,bovada,0.37037037037037035,08:47:50 PM ET,-110,fanduel,0.5238095238095238,08:50:03 PM ET,0.8941798941798942,11.834319526627212,True,41.42,58.58,111.83,111.83,11.83,100.0,"Bet $41.42 Over @ bovada, $58.58 Under @ fanduel",New Orleans Pelicans @ Cleveland Cavaliers,2025-12-24T00:42:00Z,True,4,2.9937727666666665,0.7771060999999999,2.9937727666666665,True,bovada,2025-12-23 20:50:49 ET
Myles Turner,player_points,11.5,105,fanatics,0.4878048780487805,08:50:25 PM ET,145,bovada,0.40816326530612246,08:50:44 PM ET,0.8959681433549029,11.611111111111105,True,54.44,45.56,111.6,111.62,11.6,100.0,"Bet $54.44 Over @ fanatics, $45.56 Under @ bovada",Milwaukee Bucks @ Indiana Pacers,2025-12-24T00:41:00Z,True,3,0.4104394333333333,0.09377276666666666,0.4104394333333333,False,,2025-12-23 20:50:49 ET
Isaac Okoro,player_points,8.5,165,bovada,0.37735849056603776,08:50:16 PM ET,-108,fanduel,0.5192307692307693,08:50:23 PM ET,0.896589259796807,11.53379198704978,True,42.09,57.91,111.54,111.53,11.53,100.0,"Bet $42.09 Over @ bovada, $57.91 Under @ fanduel",Chicago Bulls @ Atlanta Hawks,2025-12-24T00:41:00Z,True,3,0.5604394333333332,0.4437727666666667,0.5604394333333332,False,,2025-12-23 20:50:49 ET
Peyton Watson,player_threes,0.5,-130,draftkings,0.5652173913043479,08:50:20 PM ET,200,bovada,0.3333333333333333,08:50:08 PM ET,0.8985507246376812,11.290322580645151,True,62.9,37.1,111.28,111.3,11.28,100.0,"Bet $62.90 Over @ draftkings, $37.10 Under @ bovada",Denver Nuggets @ Dallas Mavericks,2025-12-24T01:11:00Z,True,4,0.4937727666666667,0.6937727666666667,0.6937727666666667,False,,2025-12-23 20:50:49 ET
Peyton Watson,player_points,8.5,-136,fanduel,0.576271186440678,08:49:53 PM ET,210,bovada,0.3225806451612903,08:50:08 PM ET,0.8988518316019682,11.253041362530425,True,64.11,35.89,111.25,111.26,11.25,100.0,"Bet $64.11 Over @ fanduel, $35.89 Under @ bovada",Denver Nuggets @ Dallas Mavericks,2025-12-24T01:11:00Z,True,2,0.9437727666666667,0.6937727666666667,0.9437727666666667,False,,2025-12-23 20:50:49 ET
Jonas Valanciunas,player_points,6.5,100,draftkings,0.5,08:50:20 PM ET,150,bovada,0.4,08:50:08 PM ET,0.9,11.111111111111116,True,55.56,44.44,111.12,111.1,11.1,100.0,"Bet $55.56 Over @ draftkings, $44.44 Under @ bovada",Denver Nuggets @ Dallas Mavericks,2025-12-24T01:11:00Z,True,2,0.4937727666666667,0.6937727666666667,0.6937727666666667,False,,2025-12-23 20:50:49 ET
Peyton Watson,player_points,9.5,100,draftkings,0.5,08:50:20 PM ET,150,bovada,0.4,08:50:08 PM ET,0.9,11.111111111111116,True,55.56,44.44,111.12,111.1,11.1,100.0,"Bet $55.56 Over @ draftkings, $44.44 Under @ bovada",Denver Nuggets @ Dallas Mavericks,2025-12-24T01:11:00Z,True,3,0.4937727666666667,0.6937727666666667,0.6937727666666667,False,,2025-12-23 20:50:49 ET
Anthony Edwards,player_points,32.5,170,bovada,0.37037037037037035,08:47:42 PM ET,-115,draftkings,0.5348837209302325,08:50:36 PM ET,0.9052540913006029,10.46622264509991,True,40.91,59.09,110.46,110.47,10.46,100.0,"Bet $40.91 Over @ bovada, $59.09 Under @ draftkings",New York Knicks @ Minnesota Timberwolves,2025-12-24T01:11:00Z,True,2,3.1271060999999998,0.2271061,3.1271060999999998,True,bovada,2025-12-23 20:50:49 ET
Jeremiah Fears,player_points,16.5,160,bovada,0.3846153846153847,08:47:50 PM ET,-110,draftkings,0.5238095238095238,08:50:36 PM ET,0.9084249084249085,10.080645161290303,True,42.34,57.66,110.08,110.08,10.08,100.0,"Bet $42.34 Over @ bovada, $57.66 Under @ draftkings",New Orleans Pelicans @ Cleveland Cavaliers,2025-12-24T00:42:00Z,True,3,2.9937727666666665,0.2271061,2.9937727666666665,True,bovada,2025-12-23 20:50:49 ET
Michael Porter Jr,player_rebounds,6.5,120,draftkings,0.45454545454545453,08:50:33 PM ET,120,bovada,0.45454545454545453,08:46:57 PM ET,0.9090909090909091,10.000000000000009,True,50.0,50.0,110.0,110.0,10.0,100.0,"Bet $50.00 Over @ draftkings, $50.00 Under @ bovada",Brooklyn Nets @ Philadelphia 76ers,2025-12-24T00:12:00Z,True,4,0.2771061,3.8771060999999998,3.8771060999999998,True,bovada,2025-12-23 20:50:49 ET
Kel'el Ware,player_points,12.5,-104,fanduel,0.5098039215686274,08:50:28 PM ET,150,bovada,0.4,08:48:06 PM ET,0.9098039215686274,9.913793103448288,True,56.03,43.97,109.91,109.92,9.91,100.0,"Bet $56.03 Over @ fanduel, $43.97 Under @ bovada",Toronto Raptors @ Miami Heat,2025-12-24T00:45:00Z,True,2,0.36043943333333334,2.7271061,2.7271061,True,bovada,2025-12-23 20:50:49 ET
Isaiah Hartenstein,player_assists,2.5,130,williamhill_us,0.4347826086956522,08:49:36 PM ET,110,betonlineag,0.47619047619047616,08:40:25 PM ET,0.9109730848861284,9.772727272727266,True,47.73,52.27,109.78,109.77,9.77,100.0,"Bet $47.73 Over @ williamhill_us, $52.27 Under @ betonlineag",Oklahoma City Thunder @ San Antonio Spurs,2025-12-24T01:41:00Z,True,5,1.2271061,10.410439433333332,10.410439433333332,True,betonlineag,2025-12-23 20:50:49 ET
Mark Williams,player_rebounds,7.5,130,bovada,0.4347826086956522,08:48:54 PM ET,110,betrivers,0.47619047619047616,08:49:56 PM ET,0.9109730848861284,9.772727272727266,True,47.73,52.27,109.78,109.77,9.77,100.0,"Bet $47.73 Over @ bovada, $52.27 Under @ betrivers",Los Angeles Lakers @ Phoenix Suns,2025-12-24T02:10:00Z,False,2,1.9271061,0.8937727666666666,1.9271061,False,,2025-12-23 20:50:49 ET
Matas Buzelis,player_rebounds,4.5,136,fanduel,0.423728813559322,08:50:23 PM ET,105,bovada,0.4878048780487805,08:50:16 PM ET,0.9115336916081025,9.705215419501133,True,46.49,53.51,109.72,109.7,9.7,100.0,"Bet $46.49 Over @ fanduel, $53.51 Under @ bovada",Chicago Bulls @ Atlanta Hawks,2025-12-24T00:41:00Z,True,3,0.4437727666666667,0.5604394333333332,0.5604394333333332,False,,2025-12-23 20:50:49 ET
Kevin Porter Jr.,player_rebounds,4.5,102,fanduel,0.4950495049504951,08:50:47 PM ET,140,bovada,0.4166666666666667,08:50:44 PM ET,0.9117161716171618,9.683257918552023,True,54.3,45.7,109.69,109.68,9.68,100.0,"Bet $54.30 Over @ fanduel, $45.70 Under @ bovada",Milwaukee Bucks @ Indiana Pacers,2025-12-24T00:41:00Z,True,4,0.043772766666666664,0.09377276666666666,0.09377276666666666,False,,2025-12-23 20:50:49 ET
Josh Hart,player_points,12.5,-105,draftkings,0.5121951219512195,08:50:36 PM ET,150,bovada,0.4,08:47:42 PM ET,0.9121951219512195,9.625668449197855,True,56.15,43.85,109.63,109.62,9.62,100.0,"Bet $56.15 Over @ draftkings, $43.85 Under @ bovada",New York Knicks @ Minnesota Timberwolves,2025-12-24T01:11:00Z,True,2,0.2271061,3.1271060999999998,3.1271060999999998,True,bovada,2025-12-23 20:50:49 ET
Kon Knueppel,player_threes,3.5,164,williamhill_us,0.3787878787878788,08:50:11 PM ET,-115,bovada,0.5348837209302325,08:49:36 PM ET,0.9136715997181113,9.448515233320487,True,41.46,58.54,109.45,109.44,9.44,100.0,"Bet $41.46 Over @ williamhill_us, $58.54 Under @ bovada",Washington Wizards @ Charlotte Hornets,2025-12-24T00:11:00Z,True,2,0.6437727666666666,1.2271061,1.2271061,False,,2025-12-23 20:50:49 ET
Kon Knueppel,player_points,15.5,-120,draftkings,0.5454545454545454,08:49:45 PM ET,170,bovada,0.37037037037037035,08:49:36 PM ET,0.9158249158249158,9.191176470588246,True,59.56,40.44,109.19,109.19,9.19,100.0,"Bet $59.56 Over @ draftkings, $40.44 Under @ bovada",Washington Wizards @ Charlotte Hornets,2025-12-24T00:11:00Z,True,3,1.0771061000000002,1.2271061,1.2271061,False,,2025-12-23 20:50:49 ET
Naji Marshall,player_threes,0.5,-140,draftkings,0.5833333333333335,08:50:20 PM ET,200,bovada,0.3333333333333333,08:50:08 PM ET,0.9166666666666667,9.090909090909083,True,63.64,36.36,109.1,109.08,9.08,100.0,"Bet $63.64 Over @ draftkings, $36.36 Under @ bovada",Denver Nuggets @ Dallas Mavericks,2025-12-24T01:11:00Z,True,3,0.4937727666666667,0.6937727666666667,0.6937727666666667,False,,2025-12-23 20:50:49 ET
Naji Marshall,player_points,16.5,165,bovada,0.37735849056603776,08:50:08 PM ET,-118,williamhill_us,0.5412844036697247,08:50:12 PM ET,0.9186428942357625,8.856227623892977,True,41.08,58.92,108.86,108.85,8.85,100.0,"Bet $41.08 Over @ bovada, $58.92 Under @ williamhill_us",Denver Nuggets @ Dallas Mavericks,2025-12-24T01:11:00Z,True,4,0.6937727666666667,0.6271061,0.6937727666666667,False,,2025-12-23 20:50:49 ET
Luke Kornet,player_rebounds,4.5,-152,fanduel,0.6031746031746031,08:50:25 PM ET,215,bovada,0.31746031746031744,08:50:40 PM ET,0.9206349206349206,8.62068965517242,True,65.52,34.48,108.63,108.61,8.61,100.0,"Bet $65.52 Over @ fanduel, $34.48 Under @ bovada",Oklahoma City Thunder @ San Antonio Spurs,2025-12-24T01:41:00Z,True,2,0.4104394333333333,0.16043943333333335,0.4104394333333333,False,,2025-12-23 20:50:49 ET
Kyle Kuzma,player_rebounds,6.5,120,bovada,0.45454545454545453,08:50:44 PM ET,114,draftkings,0.4672897196261682,08:50:09 PM ET,0.9218351741716228,8.479262672811071,True,49.31,50.69,108.48,108.48,8.48,100.0,"Bet $49.31 Over @ bovada, $50.69 Under @ draftkings",Milwaukee Bucks @ Indiana Pacers,2025-12-24T00:41:00Z,True,5,0.09377276666666666,0.6771060999999999,0.6771060999999999,False,,2025-12-23 20:50:49 ET
C.J. McCollum,player_assists,2.5,-138,fanduel,0.5798319327731093,08:50:45 PM ET,190,bovada,0.3448275862068966,08:49:36 PM ET,0.9246595189800059,8.14791601378877,True,62.71,37.29,108.15,108.14,8.14,100.0,"Bet $62.71 Over @ fanduel, $37.29 Under @ bovada",Washington Wizards @ Charlotte Hornets,2025-12-24T00:11:00Z,True,3,0.0771061,1.2271061,1.2271061,False,,2025-12-23 20:50:49 ET
Santi Aldama,player_rebounds,8.5,200,bovada,0.33333333333333326,08:50:27 PM ET,-145,draftkings,0.5918367346938775,08:48:51 PM ET,0.9251700680272108,8.088235294117663,True,36.03,63.97,108.09,108.09,8.09,100.0,"Bet $36.03 Over @ bovada, $63.97 Under @ draftkings",Memphis Grizzlies @ Utah Jazz,2025-12-24T02:10:00Z,False,2,0.3771061,1.9771061,1.9771061,False,,2025-12-23 20:50:49 ET
Andrew Nembhard,player_assists,5.5,-135,draftkings,0.574468085106383,08:50:09 PM ET,185,bovada,0.3508771929824561,08:50:44 PM ET,0.9253452780888392,8.067769261799107,True,62.08,37.92,108.07,108.07,8.07,100.0,"Bet $62.08 Over @ draftkings, $37.92 Under @ bovada",Milwaukee Bucks @ Indiana Pacers,2025-12-24T00:41:00Z,True,4,0.6771060999999999,0.09377276666666666,0.6771060999999999,False,,2025-12-23 20:50:49 ET
Jamal Murray,player_assists,7.5,165,bovada,0.37735849056603776,08:50:08 PM ET,-122,fanduel,0.5495495495495496,08:49:53 PM ET,0.9269080401155874,7.885567577480268,True,40.71,59.29,107.88,107.89,7.88,100.0,"Bet $40.71 Over @ bovada, $59.29 Under @ fanduel",Denver Nuggets @ Dallas Mavericks,2025-12-24T01:11:00Z,True,5,0.6937727666666667,0.9437727666666667,0.9437727666666667,False,,2025-12-23 20:50:49 ET
Julius Randle,player_points,18.5,-115,williamhill_us,0.5348837209302326,08:49:56 PM ET,155,bovada,0.39215686274509803,08:47:42 PM ET,0.9270405836753306,7.870142646335454,True,57.7,42.3,107.87,107.86,7.86,100.0,"Bet $57.70 Over @ williamhill_us, $42.30 Under @ bovada",New York Knicks @ Minnesota Timberwolves,2025-12-24T01:11:00Z,True,4,0.8937727666666666,3.1271060999999998,3.1271060999999998,True,bovada,2025-12-23 20:50:49 ET
Chet Holmgren,player_rebounds,8.5,130,bovada,0.43478260869565216,08:50:40 PM ET,103,williamhill_us,0.49261083743842365,08:49:36 PM ET,0.9273934461340758,7.8290993071593595,True,46.88,53.12,107.82,107.83,7.82,100.0,"Bet $46.88 Over @ bovada, $53.12 Under @ williamhill_us",Oklahoma City Thunder @ San Antonio Spurs,2025-12-24T01:41:00Z,True,5,0.16043943333333335,1.2271061,1.2271061,False,,2025-12-23 20:50:49 ET
Luguentz Dort,player_points,5.5,-130,draftkings,0.5652173913043478,08:50:34 PM ET,175,bovada,0.36363636363636365,08:50:40 PM ET,0.9288537549407114,7.659574468085117,True,60.85,39.15,107.66,107.66,7.66,100.0,"Bet $60.85 Over @ draftkings, $39.15 Under @ bovada",Oklahoma City Thunder @ San Antonio Spurs,2025-12-24T01:41:00Z,True,3,0.26043943333333336,0.16043943333333335,0.26043943333333336,False,,2025-12-23 20:50:49 ET
Karl-Anthony Towns,player_rebounds,8.5,-130,draftkings,0.5652173913043478,08:50:36 PM ET,175,bovada,0.36363636363636365,08:47:42 PM ET,0.9288537549407114,7.659574468085117,True,60.85,39.15,107.66,107.66,7.66,100.0,"Bet $60.85 Over @ draftkings, $39.15 Under @ bovada",New York Knicks @ Minnesota Timberwolves,2025-12-24T01:11:00Z,True,2,0.2271061,3.1271060999999998,3.1271060999999998,True,bovada,2025-12-23 20:50:49 ET
Dru Smith,player_assists,2.5,-105,draftkings,0.5121951219512195,08:50:36 PM ET,140,bovada,0.4166666666666667,08:48:06 PM ET,0.9288617886178863,7.658643326039383,True,55.14,44.86,107.65,107.66,7.65,100.0,"Bet $55.14 Over @ draftkings, $44.86 Under @ bovada",Toronto Raptors @ Miami Heat,2025-12-24T00:45:00Z,True,3,0.2271061,2.7271061,2.7271061,True,bovada,2025-12-23 20:50:49 ET
Tyler Kolek,player_points,14.5,160,bovada,0.3846153846153846,08:47:42 PM ET,-120,draftkings,0.5454545454545454,08:50:36 PM ET,0.93006993006993,7.518796992481214,True,41.35,58.65,107.51,107.52,7.51,100.0,"Bet $41.35 Over @ bovada, $58.65 Under @ draftkings",New York Knicks @ Minnesota Timberwolves,2025-12-24T01:11:00Z,True,4,3.1271060999999998,0.2271061,3.1271060999999998,True,bovada,2025-12-23 20:50:49 ET
Santi Aldama,player_rebounds,7.5,120,bovada,0.4545454545454545,08:50:27 PM ET,110,betmgm,0.47619047619047616,08:49:12 PM ET,0.9307359307359306,7.441860465116301,True,48.84,51.16,107.45,107.44,7.44,100.0,"Bet $48.84 Over @ bovada, $51.16 Under @ betmgm",Memphis Grizzlies @ Utah Jazz,2025-12-24T02:10:00Z,False,7,0.3771061,1.6271061,1.6271061,False,,2025-12-23 20:50:49 ET
Shai Gilgeous-Alexander,player_assists,7.5,165,bovada,0.37735849056603776,08:50:40 PM ET,-124,williamhill_us,0.5535714285714286,08:49:36 PM ET,0.9309299191374664,7.4194715888527,True,40.54,59.46,107.43,107.41,7.41,100.0,"Bet $40.54 Over @ bovada, $59.46 Under @ williamhill_us",Oklahoma City Thunder @ San Antonio Spurs,2025-12-24T01:41:00Z,True,4,0.16043943333333335,1.2271061,1.2271061,False,,2025-12-23 20:50:49 ET
Harrison Barnes,player_points,11.5,140,bovada,0.41666666666666674,08:50:40 PM ET,-106,fanduel,0.5145631067961165,08:50:25 PM ET,0.9312297734627832,7.384882710686358,True,44.74,55.26,107.38,107.39,7.38,100.0,"Bet $44.74 Over @ bovada, $55.26 Under @ fanduel",Oklahoma City Thunder @ San Antonio Spurs,2025-12-24T01:41:00Z,True,2,0.16043943333333335,0.4104394333333333,0.4104394333333333,False,,2025-12-23 20:50:49 ET
Anthony Edwards,player_points,31.5,145,bovada,0.40816326530612246,08:47:42 PM ET,-110,williamhill_us,0.5238095238095238,08:49:56 PM ET,0.9319727891156463,7.299270072992692,True,43.8,56.2,107.31,107.29,7.29,100.0,"Bet $43.80 Over @ bovada, $56.20 Under @ williamhill_us",New York Knicks @ Minnesota Timberwolves,2025-12-24T01:11:00Z,True,3,3.1271060999999998,0.8937727666666666,3.1271060999999998,True,bovada,2025-12-23 20:50:49 ET
Chet Holmgren,player_assists,1.5,165,draftkings,0.37735849056603776,08:50:34 PM ET,-125,betmgm,0.5555555555555556,08:40:08 PM ET,0.9329140461215933,7.191011235955047,True,40.45,59.55,107.19,107.19,7.19,100.0,"Bet $40.45 Over @ draftkings, $59.55 Under @ betmgm",Oklahoma City Thunder @ San Antonio Spurs,2025-12-24T01:41:00Z,True,4,0.26043943333333336,10.693772766666665,10.693772766666665,True,betmgm,2025-12-23 20:50:49 ET
Tyler Kolek,player_threes,1.5,165,draftkings,0.37735849056603776,08:50:36 PM ET,-125,bovada,0.5555555555555556,08:47:42 PM ET,0.9329140461215933,7.191011235955047,True,40.45,59.55,107.19,107.19,7.19,100.0,"Bet $40.45 Over @ draftkings, $59.55 Under @ bovada",New York Knicks @ Minnesota Timberwolves,2025-12-24T01:11:00Z,True,2,0.2271061,3.1271060999999998,3.1271060999999998,True,bovada,2025-12-23 20:50:49 ET
Harrison Barnes,player_threes,1.5,102,fanduel,0.4950495049504951,08:50:25 PM ET,128,betrivers,0.43859649122807015,08:40:15 PM ET,0.9336459961785653,7.106976744186033,True,53.02,46.98,107.1,107.11,7.1,100.0,"Bet $53.02 Over @ fanduel, $46.98 Under @ betrivers",Oklahoma City Thunder @ San Antonio Spurs,2025-12-24T01:41:00Z,True,7,0.4104394333333333,10.5771061,10.5771061,True,betrivers,2025-12-23 20:50:49 ET
Jalen Williams,player_assists,5.5,130,bovada,0.4347826086956521,08:50:40 PM ET,100,draftkings,0.5,08:50:34 PM ET,0.9347826086956521,6.976744186046524,True,46.51,53.49,106.97,106.98,6.97,100.0,"Bet $46.51 Over @ bovada, $53.49 Under @ draftkings",Oklahoma City Thunder @ San Antonio Spurs,2025-12-24T01:41:00Z,True,8,0.16043943333333335,0.26043943333333336,0.26043943333333336,False,,2025-12-23 20:50:49 ET
Terance Mann,player_assists,3.5,100,bovada,0.49999999999999994,08:46:57 PM ET,130,fanatics,0.43478260869565216,08:49:57 PM ET,0.9347826086956521,6.976744186046524,True,53.49,46.51,106.98,106.97,6.97,100.0,"Bet $53.49 Over @ bovada, $46.51 Under @ fanatics",Brooklyn Nets @ Philadelphia 76ers,2025-12-24T00:12:00Z,True,2,3.8771060999999998,0.8771061,3.8771060999999998,True,bovada,2025-12-23 20:50:49 ET
Josh Giddey,player_points,16.5,-115,draftkings,0.5348837209302325,08:50:28 PM ET,150,bovada,0.4,08:50:16 PM ET,0.9348837209302325,6.9651741293532465,True,57.21,42.79,106.96,106.98,6.96,100.0,"Bet $57.21 Over @ draftkings, $42.79 Under @ bovada",Chicago Bulls @ Atlanta Hawks,2025-12-24T00:41:00Z,True,4,0.36043943333333334,0.5604394333333332,0.5604394333333332,False,,2025-12-23 20:50:49 ET
Shai Gilgeous-Alexander,player_threes,1.5,-115,draftkings,0.5348837209302325,08:50:34 PM ET,150,betrivers,0.4,08:40:15 PM ET,0.9348837209302325,6.9651741293532465,True,57.21,42.79,106.96,106.98,6.96,100.0,"Bet $57.21 Over @ draftkings, $42.79 Under @ betrivers",Oklahoma City Thunder @ San Antonio Spurs,2025-12-24T01:41:00Z,True,7,0.26043943333333336,10.5771061,10.5771061,True,betrivers,2025-12-23 20:50:49 ET
Jamal Shead,player_assists,4.5,-130,draftkings,0.5652173913043478,08:50:36 PM ET,170,bovada,0.37037037037037035,08:48:06 PM ET,0.9355877616747181,6.8846815834767705,True,60.41,39.59,106.88,106.89,6.88,100.0,"Bet $60.41 Over @ draftkings, $39.59 Under @ bovada",Toronto Raptors @ Miami Heat,2025-12-24T00:45:00Z,True,3,0.2271061,2.7271061,2.7271061,True,bovada,2025-12-23 20:50:49 ET
Devin Vassell,player_points,14.5,135,bovada,0.42553191489361697,08:50:40 PM ET,-105,draftkings,0.5121951219512195,08:50:34 PM ET,0.9377270368448365,6.640841173215284,True,45.38,54.62,106.64,106.64,6.64,100.0,"Bet $45.38 Over @ bovada, $54.62 Under @ draftkings",Oklahoma City Thunder @ San Antonio Spurs,2025-12-24T01:41:00Z,True,5,0.16043943333333335,0.26043943333333336,0.26043943333333336,False,,2025-12-23 20:50:49 ET
Alex Sarr,player_points_rebounds_assists,26.5,-105,draftkings,0.5121951219512195,08:49:45 PM ET,135,bovada,0.425531914893617,08:49:36 PM ET,0.9377270368448365,6.640841173215284,True,54.62,45.38,106.64,106.64,6.64,100.0,"Bet $54.62 Over @ draftkings, $45.38 Under @ bovada",Washington Wizards @ Charlotte Hornets,2025-12-24T00:11:00Z,True,2,1.0771061000000002,1.2271061,1.2271061,False,,2025-12-23 20:50:49 ET
Harrison Barnes,player_rebounds,3.5,122,betonlineag,0.4504504504504505,08:40:25 PM ET,105,draftkings,0.4878048780487805,08:50:34 PM ET,0.938255328499231,6.580796252927401,True,48.01,51.99,106.58,106.58,6.58,100.0,"Bet $48.01 Over @ betonlineag, $51.99 Under @ draftkings",Oklahoma City Thunder @ San Antonio Spurs,2025-12-24T01:41:00Z,True,6,10.410439433333332,0.26043943333333336,10.410439433333332,True,betonlineag,2025-12-23 20:50:49 ET
Julius Randle,player_assists,4.5,128,fanduel,0.4385964912280702,08:48:55 PM ET,100,bovada,0.5,08:47:42 PM ET,0.9385964912280702,6.542056074766345,True,46.73,53.27,106.54,106.54,6.54,100.0,"Bet $46.73 Over @ fanduel, $53.27 Under @ bovada",New York Knicks @ Minnesota Timberwolves,2025-12-24T01:11:00Z,True,4,1.9104394333333334,3.1271060999999998,3.1271060999999998,True,bovada,2025-12-23 20:50:49 ET
Mitchell Robinson,player_rebounds,6.5,-132,fanduel,0.5689655172413793,08:48:55 PM ET,170,bovada,0.37037037037037035,08:47:42 PM ET,0.9393358876117497,6.458191706322225,True,60.57,39.43,106.46,106.46,6.46,100.0,"Bet $60.57 Over @ fanduel, $39.43 Under @ bovada",New York Knicks @ Minnesota Timberwolves,2025-12-24T01:11:00Z,True,4,1.9104394333333334,3.1271060999999998,3.1271060999999998,True,bovada,2025-12-23 20:50:49 ET
Kevin Porter Jr.,player_points,18.5,-136,fanduel,0.576271186440678,08:50:47 PM ET,175,bovada,0.36363636363636365,08:50:44 PM ET,0.9399075500770416,6.393442622950807,True,61.31,38.69,106.39,106.4,6.39,100.0,"Bet $61.31 Over @ fanduel, $38.69 Under @ bovada",Milwaukee Bucks @ Indiana Pacers,2025-12-24T00:41:00Z,True,2,0.043772766666666664,0.09377276666666666,0.09377276666666666,False,,2025-12-23 20:50:49 ET
Nickeil Alexander-Walker,player_threes,3.5,180,bovada,0.3571428571428571,08:50:16 PM ET,-140,draftkings,0.5833333333333334,08:50:28 PM ET,0.9404761904761905,6.329113924050644,True,37.97,62.03,106.32,106.34,6.32,100.0,"Bet $37.97 Over @ bovada, $62.03 Under @ draftkings",Chicago Bulls @ Atlanta Hawks,2025-12-24T00:41:00Z,True,4,0.5604394333333332,0.36043943333333334,0.5604394333333332,False,,2025-12-23 20:50:49 ET
LaMelo Ball,player_points,21.5,145,bovada,0.40816326530612246,08:49:36 PM ET,-114,williamhill_us,0.5327102803738317,08:50:11 PM ET,0.9408735456799542,6.2842083924589565,True,43.38,56.62,106.28,106.29,6.28,100.0,"Bet $43.38 Over @ bovada, $56.62 Under @ williamhill_us",Washington Wizards @ Charlotte Hornets,2025-12-24T00:11:00Z,True,4,1.2271061,0.6437727666666666,1.2271061,False,,2025-12-23 20:50:49 ET
Rudy Gobert,player_points,11.5,115,bovada,0.4651162790697675,08:47:42 PM ET,110,draftkings,0.47619047619047616,08:50:36 PM ET,0.9413067552602437,6.23529411764705,True,49.41,50.59,106.23,106.24,6.23,100.0,"Bet $49.41 Over @ bovada, $50.59 Under @ draftkings",New York Knicks @ Minnesota Timberwolves,2025-12-24T01:11:00Z,True,2,3.1271060999999998,0.2271061,3.1271060999999998,True,bovada,2025-12-23 20:50:49 ET
Noah Clowney,player_points,14.5,120,bovada,0.4545454545454546,08:46:57 PM ET,105,fanatics,0.4878048780487805,08:49:57 PM ET,0.9423503325942351,6.117647058823517,True,48.24,51.76,106.13,106.11,6.11,100.0,"Bet $48.24 Over @ bovada, $51.76 Under @ fanatics",Brooklyn Nets @ Philadelphia 76ers,2025-12-24T00:12:00Z,True,4,3.8771060999999998,0.8771061,3.8771060999999998,True,bovada,2025-12-23 20:50:49 ET
Myles Turner,player_points_rebounds_assists,17.5,-130,draftkings,0.5652173913043478,08:50:09 PM ET,165,bovada,0.37735849056603776,08:50:44 PM ET,0.9425758818703855,6.092254134029584,True,59.97,40.03,106.1,106.08,6.08,100.0,"Bet $59.97 Over @ draftkings, $40.03 Under @ bovada",Milwaukee Bucks @ Indiana Pacers,2025-12-24T00:41:00Z,True,2,0.6771060999999999,0.09377276666666666,0.6771060999999999,False,,2025-12-23 20:50:49 ET
Austin Reaves,player_threes,2.5,-130,betmgm,0.5652173913043478,08:50:09 PM ET,165,bovada,0.37735849056603776,08:48:54 PM ET,0.9425758818703855,6.092254134029584,True,59.97,40.03,106.1,106.08,6.08,100.0,"Bet $59.97 Over @ betmgm, $40.03 Under @ bovada",Los Angeles Lakers @ Phoenix Suns,2025-12-24T02:10:00Z,False,4,0.6771060999999999,1.9271061,1.9271061,False,,2025-12-23 20:50:49 ET
Tyler Kolek,player_assists,7.5,145,bovada,0.40816326530612246,08:47:42 PM ET,-115,draftkings,0.5348837209302325,08:50:36 PM ET,0.943046986236355,6.039255158530454,True,43.28,56.72,106.04,106.04,6.04,100.0,"Bet $43.28 Over @ bovada, $56.72 Under @ draftkings",New York Knicks @ Minnesota Timberwolves,2025-12-24T01:11:00Z,True,5,3.1271060999999998,0.2271061,3.1271060999999998,True,bovada,2025-12-23 20:50:49 ET
Mitchell Robinson,player_points_rebounds_assists,12.5,-115,draftkings,0.5348837209302325,08:50:36 PM ET,145,bovada,0.40816326530612246,08:47:42 PM ET,0.943046986236355,6.039255158530454,True,56.72,43.28,106.04,106.04,6.04,100.0,"Bet $56.72 Over @ draftkings, $43.28 Under @ bovada",New York Knicks @ Minnesota Timberwolves,2025-12-24T01:11:00Z,True,2,0.2271061,3.1271060999999998,3.1271060999999998,True,bovada,2025-12-23 20:50:49 ET
Jalen Williams,player_points,16.5,-127,williamhill_us,0.5594713656387666,08:49:36 PM ET,160,bovada,0.38461538461538464,08:50:40 PM ET,0.9440867502541512,5.922469490308679,True,59.26,40.74,105.92,105.92,5.92,100.0,"Bet $59.26 Over @ williamhill_us, $40.74 Under @ bovada",Oklahoma City Thunder @ San Antonio Spurs,2025-12-24T01:41:00Z,True,2,1.2271061,0.16043943333333335,1.2271061,False,,2025-12-23 20:50:49 ET
De'Aaron Fox,player_points,16.5,-105,draftkings,0.5121951219512195,08:50:34 PM ET,130,bovada,0.43478260869565216,08:50:40 PM ET,0.9469777306468716,5.599104143337064,True,54.09,45.91,105.6,105.59,5.59,100.0,"Bet $54.09 Over @ draftkings, $45.91 Under @ bovada",Oklahoma City Thunder @ San Antonio Spurs,2025-12-24T01:41:00Z,True,4,0.26043943333333336,0.16043943333333335,0.26043943333333336,False,,2025-12-23 20:50:49 ET
Luguentz Dort,player_threes,1.5,130,draftkings,0.4347826086956521,08:50:34 PM ET,-105,betmgm,0.5121951219512195,08:40:08 PM ET,0.9469777306468716,5.599104143337064,True,45.91,54.09,105.59,105.6,5.59,100.0,"Bet $45.91 Over @ draftkings, $54.09 Under @ betmgm",Oklahoma City Thunder @ San Antonio Spurs,2025-12-24T01:41:00Z,True,7,0.26043943333333336,10.693772766666665,10.693772766666665,True,betmgm,2025-12-23 20:50:49 ET
Nikola Vucevic,player_threes,1.5,-105,bovada,0.5121951219512195,08:50:16 PM ET,130,fanatics,0.43478260869565216,08:49:41 PM ET,0.9469777306468716,5.599104143337064,True,54.09,45.91,105.6,105.59,5.59,100.0,"Bet $54.09 Over @ bovada, $45.91 Under @ fanatics",Chicago Bulls @ Atlanta Hawks,2025-12-24T00:41:00Z,True,4,0.5604394333333332,1.1437727666666668,1.1437727666666668,False,,2025-12-23 20:50:49 ET
Dean Wade,player_rebounds,5.5,180,bovada,0.3571428571428572,08:47:50 PM ET,-145,draftkings,0.5918367346938775,08:50:36 PM ET,0.9489795918367347,5.376344086021501,True,37.63,62.37,105.36,105.38,5.36,100.0,"Bet $37.63 Over @ bovada, $62.37 Under @ draftkings",New Orleans Pelicans @ Cleveland Cavaliers,2025-12-24T00:42:00Z,True,5,2.9937727666666665,0.2271061,2.9937727666666665,True,bovada,2025-12-23 20:50:49 ET
Santi Aldama,player_points,17.5,140,bovada,0.41666666666666663,08:50:27 PM ET,-115,fanduel,0.5348837209302325,08:50:06 PM ET,0.9515503875968991,5.0916496945010215,True,43.79,56.21,105.1,105.09,5.09,100.0,"Bet $43.79 Over @ bovada, $56.21 Under @ fanduel",Memphis Grizzlies @ Utah Jazz,2025-12-24T02:10:00Z,False,6,0.3771061,0.7271061,0.7271061,False,,2025-12-23 20:50:49 ET
Chet Holmgren,player_threes,1.5,175,draftkings,0.36363636363636365,08:50:34 PM ET,-143,betrivers,0.588477366255144,08:40:15 PM ET,0.9521137298915077,5.029469548133592,True,38.19,61.81,105.02,105.03,5.02,100.0,"Bet $38.19 Over @ draftkings, $61.81 Under @ betrivers",Oklahoma City Thunder @ San Antonio Spurs,2025-12-24T01:41:00Z,True,6,0.26043943333333336,10.5771061,10.5771061,True,betrivers,2025-12-23 20:50:49 ET
Noah Clowney,player_threes,2.5,145,bovada,0.40816326530612246,08:46:57 PM ET,-120,draftkings,0.5454545454545454,08:50:33 PM ET,0.9536178107606679,4.863813229571989,True,42.8,57.2,104.86,104.87,4.86,100.0,"Bet $42.80 Over @ bovada, $57.20 Under @ draftkings",Brooklyn Nets @ Philadelphia 76ers,2025-12-24T00:12:00Z,True,4,3.8771060999999998,0.2771061,3.8771060999999998,True,bovada,2025-12-23 20:50:49 ET
LeBron James,player_assists,7.5,100,betmgm,0.5,08:50:09 PM ET,120,bovada,0.45454545454545453,08:48:54 PM ET,0.9545454545454546,4.761904761904767,True,52.38,47.62,104.76,104.76,4.76,100.0,"Bet $52.38 Over @ betmgm, $47.62 Under @ bovada",Los Angeles Lakers @ Phoenix Suns,2025-12-24T02:10:00Z,False,6,0.6771060999999999,1.9271061,1.9271061,False,,2025-12-23 20:50:49 ET
Paul George,player_points_rebounds_assists,27.5,120,bovada,0.4545454545454546,08:46:57 PM ET,100,draftkings,0.5,08:50:33 PM ET,0.9545454545454546,4.761904761904767,True,47.62,52.38,104.76,104.76,4.76,100.0,"Bet $47.62 Over @ bovada, $52.38 Under @ draftkings",Brooklyn Nets @ Philadelphia 76ers,2025-12-24T00:12:00Z,True,2,3.8771060999999998,0.2771061,3.8771060999999998,True,bovada,2025-12-23 20:50:49 ET
Devin Vassell,player_threes,1.5,-166,draftkings,0.62406015037594,08:50:34 PM ET,200,bovada,0.3333333333333333,08:50:40 PM ET,0.9573934837092732,4.450261780104703,True,65.18,34.82,104.45,104.46,4.45,100.0,"Bet $65.18 Over @ draftkings, $34.82 Under @ bovada",Oklahoma City Thunder @ San Antonio Spurs,2025-12-24T01:41:00Z,True,4,0.26043943333333336,0.16043943333333335,0.26043943333333336,False,,2025-12-23 20:50:49 ET
Deandre Ayton,player_points,14.5,-110,betmgm,0.523809523809524,08:50:09 PM ET,130,bovada,0.43478260869565216,08:48:54 PM ET,0.958592132505176,4.3196544276457916,True,54.64,45.36,104.31,104.33,4.31,100.0,"Bet $54.64 Over @ betmgm, $45.36 Under @ bovada",Los Angeles Lakers @ Phoenix Suns,2025-12-24T02:10:00Z,False,3,0.6771060999999999,1.9271061,1.9271061,False,,2025-12-23 20:50:49 ET
Bennedict Mathurin,player_rebounds,6.5,120,bovada,0.4545454545454546,08:50:44 PM ET,-102,fanduel,0.504950495049505,08:50:47 PM ET,0.9594959495949595,4.221388367729828,True,47.37,52.63,104.21,104.23,4.21,100.0,"Bet $47.37 Over @ bovada, $52.63 Under @ fanduel",Milwaukee Bucks @ Indiana Pacers,2025-12-24T00:41:00Z,True,4,0.09377276666666666,0.043772766666666664,0.09377276666666666,False,,2025-12-23 20:50:49 ET
Mikal Bridges,player_points_rebounds_assists,25.5,-120,draftkings,0.5454545454545454,08:50:36 PM ET,140,bovada,0.4166666666666667,08:47:42 PM ET,0.9621212121212122,3.937007874015741,True,56.69,43.31,103.93,103.94,3.93,100.0,"Bet $56.69 Over @ draftkings, $43.31 Under @ bovada",New York Knicks @ Minnesota Timberwolves,2025-12-24T01:11:00Z,True,2,0.2271061,3.1271060999999998,3.1271060999999998,True,bovada,2025-12-23 20:50:49 ET
Sandro Mamukelashvili,player_rebounds,7.5,130,bovada,0.4347826086956522,08:48:06 PM ET,-112,fanduel,0.5283018867924528,08:50:28 PM ET,0.963084495488105,3.833049403747868,True,45.14,54.86,103.82,103.84,3.82,100.0,"Bet $45.14 Over @ bovada, $54.86 Under @ fanduel",Toronto Raptors @ Miami Heat,2025-12-24T00:45:00Z,True,4,2.7271061,0.36043943333333334,2.7271061,True,bovada,2025-12-23 20:50:49 ET
Naz Reid,player_points,13.5,-108,fanduel,0.5192307692307693,08:48:55 PM ET,125,bovada,0.4444444444444444,08:47:42 PM ET,0.9636752136752137,3.7694013303769314,True,53.88,46.12,103.77,103.77,3.77,100.0,"Bet $53.88 Over @ fanduel, $46.12 Under @ bovada",New York Knicks @ Minnesota Timberwolves,2025-12-24T01:11:00Z,True,3,1.9104394333333334,3.1271060999999998,3.1271060999999998,True,bovada,2025-12-23 20:50:49 ET
Jamal Murray,player_points,21.5,-125,draftkings,0.5555555555555556,08:50:20 PM ET,145,bovada,0.40816326530612246,08:50:08 PM ET,0.963718820861678,3.7647058823529367,True,57.65,42.35,103.77,103.76,3.76,100.0,"Bet $57.65 Over @ draftkings, $42.35 Under @ bovada",Denver Nuggets @ Dallas Mavericks,2025-12-24T01:11:00Z,True,2,0.4937727666666667,0.6937727666666667,0.6937727666666667,False,,2025-12-23 20:50:49 ET
Santi Aldama,player_points,16.5,110,bovada,0.47619047619047616,08:50:27 PM ET,105,betrivers,0.4878048780487805,08:49:50 PM ET,0.9639953542392566,3.7349397590361377,True,49.4,50.6,103.74,103.73,3.73,100.0,"Bet $49.40 Over @ bovada, $50.60 Under @ betrivers",Memphis Grizzlies @ Utah Jazz,2025-12-24T02:10:00Z,False,3,0.3771061,0.9937727666666666,0.9937727666666666,False,,2025-12-23 20:50:49 ET
Jase Richardson,player_points_rebounds_assists,14.5,100,betonlineag,0.49999999999999994,08:41:18 PM ET,115,bovada,0.46511627906976744,08:49:24 PM ET,0.9651162790697674,3.6144578313253017,True,51.81,48.19,103.62,103.61,3.61,100.0,"Bet $51.81 Over @ betonlineag, $48.19 Under @ bovada",Orlando Magic @ Portland Trail Blazers,2025-12-24T03:10:00Z,False,3,9.5271061,1.4271061,9.5271061,True,betonlineag,2025-12-23 20:50:49 ET
De'Aaron Fox,player_threes,1.5,-130,fanduel,0.5652173913043478,08:50:25 PM ET,150,bovada,0.4,08:50:40 PM ET,0.9652173913043478,3.603603603603611,True,58.56,41.44,103.61,103.6,3.6,100.0,"Bet $58.56 Over @ fanduel, $41.44 Under @ bovada",Oklahoma City Thunder @ San Antonio Spurs,2025-12-24T01:41:00Z,True,4,0.4104394333333333,0.16043943333333335,0.4104394333333333,False,,2025-12-23 20:50:49 ET
Brandon Miller,player_assists,3.5,-120,bovada,0.5454545454545454,08:49:36 PM ET,138,fanduel,0.42016806722689076,08:50:45 PM ET,0.9656226126814362,3.560126582278489,True,56.49,43.51,103.57,103.55,3.55,100.0,"Bet $56.49 Over @ bovada, $43.51 Under @ fanduel",Washington Wizards @ Charlotte Hornets,2025-12-24T00:11:00Z,True,2,1.2271061,0.0771061,1.2271061,False,,2025-12-23 20:50:49 ET
Matas Buzelis,player_points,15.5,140,bovada,0.41666666666666663,08:50:16 PM ET,-122,fanduel,0.5495495495495496,08:50:23 PM ET,0.9662162162162162,3.4965034965035002,True,43.12,56.88,103.49,103.5,3.49,100.0,"Bet $43.12 Over @ bovada, $56.88 Under @ fanduel",Chicago Bulls @ Atlanta Hawks,2025-12-24T00:41:00Z,True,3,0.5604394333333332,0.4437727666666667,0.5604394333333332,False,,2025-12-23 20:50:49 ET
Santi Aldama,player_assists,3.5,120,bovada,0.4545454545454546,08:50:27 PM ET,-105,betmgm,0.5121951219512195,08:49:12 PM ET,0.9667405764966741,3.440366972477049,True,47.02,52.98,103.44,103.44,3.44,100.0,"Bet $47.02 Over @ bovada, $52.98 Under @ betmgm",Memphis Grizzlies @ Utah Jazz,2025-12-24T02:10:00Z,False,6,0.3771061,1.6271061,1.6271061,False,,2025-12-23 20:50:49 ET
Jaylon Tyson,player_points,14.5,120,bovada,0.4545454545454546,08:47:50 PM ET,-105,draftkings,0.5121951219512195,08:50:36 PM ET,0.9667405764966741,3.440366972477049,True,47.02,52.98,103.44,103.44,3.44,100.0,"Bet $47.02 Over @ bovada, $52.98 Under @ draftkings",New Orleans Pelicans @ Cleveland Cavaliers,2025-12-24T00:42:00Z,True,4,2.9937727666666665,0.2271061,2.9937727666666665,True,bovada,2025-12-23 20:50:49 ET
Anthony Edwards,player_assists,3.5,-118,fanduel,0.5412844036697249,08:48:55 PM ET,135,bovada,0.425531914893617,08:47:42 PM ET,0.9668163185633418,3.432263274782965,True,55.99,44.01,103.44,103.42,3.42,100.0,"Bet $55.99 Over @ fanduel, $44.01 Under @ bovada",New York Knicks @ Minnesota Timberwolves,2025-12-24T01:11:00Z,True,4,1.9104394333333334,3.1271060999999998,3.1271060999999998,True,bovada,2025-12-23 20:50:49 ET
Mike Conley,player_assists,4.5,135,bovada,0.4255319148936171,08:47:42 PM ET,-118,fanduel,0.5412844036697247,08:48:55 PM ET,0.9668163185633418,3.432263274782965,True,44.01,55.99,103.42,103.44,3.42,100.0,"Bet $44.01 Over @ bovada, $55.99 Under @ fanduel",New York Knicks @ Minnesota Timberwolves,2025-12-24T01:11:00Z,True,4,3.1271060999999998,1.9104394333333334,3.1271060999999998,True,bovada,2025-12-23 20:50:49 ET
Jalen Williams,player_threes,1.5,170,draftkings,0.37037037037037035,08:50:34 PM ET,-148,betrivers,0.5967741935483871,08:40:15 PM ET,0.9671445639187575,3.3971587399629355,True,38.3,61.7,103.41,103.39,3.39,100.0,"Bet $38.30 Over @ draftkings, $61.70 Under @ betrivers",Oklahoma City Thunder @ San Antonio Spurs,2025-12-24T01:41:00Z,True,7,0.26043943333333336,10.5771061,10.5771061,True,betrivers,2025-12-23 20:50:49 ET
Matas Buzelis,player_points,14.5,110,bovada,0.4761904761904761,08:50:16 PM ET,103,williamhill_us,0.49261083743842365,08:49:49 PM ET,0.9688013136288998,3.220338983050852,True,49.15,50.85,103.22,103.23,3.22,100.0,"Bet $49.15 Over @ bovada, $50.85 Under @ williamhill_us",Chicago Bulls @ Atlanta Hawks,2025-12-24T00:41:00Z,True,2,0.5604394333333332,1.0104394333333333,1.0104394333333333,False,,2025-12-23 20:50:49 ET
Jared McCain,player_assists,3.5,165,draftkings,0.37735849056603776,08:50:33 PM ET,-145,bovada,0.5918367346938775,08:46:57 PM ET,0.9691952252599153,3.1783869686134336,True,38.94,61.06,103.19,103.17,3.17,100.0,"Bet $38.94 Over @ draftkings, $61.06 Under @ bovada",Brooklyn Nets @ Philadelphia 76ers,2025-12-24T00:12:00Z,True,3,0.2771061,3.8771060999999998,3.8771060999999998,True,bovada,2025-12-23 20:50:49 ET
Jock Landale,player_rebounds,6.5,-128,fanduel,0.5614035087719298,08:50:06 PM ET,145,bovada,0.40816326530612246,08:50:27 PM ET,0.9695667740780523,3.138847858197935,True,57.9,42.1,103.13,103.15,3.13,100.0,"Bet $57.90 Over @ fanduel, $42.10 Under @ bovada",Memphis Grizzlies @ Utah Jazz,2025-12-24T02:10:00Z,False,4,0.7271061,0.3771061,0.7271061,False,,2025-12-23 20:50:49 ET
Andrew Nembhard,player_points,18.5,130,bovada,0.4347826086956522,08:50:44 PM ET,-115,williamhill_us,0.5348837209302325,08:49:53 PM ET,0.9696663296258847,3.1282586027111536,True,44.84,55.16,103.13,103.13,3.13,100.0,"Bet $44.84 Over @ bovada, $55.16 Under @ williamhill_us",Milwaukee Bucks @ Indiana Pacers,2025-12-24T00:41:00Z,True,4,0.09377276666666666,0.9437727666666667,0.9437727666666667,False,,2025-12-23 20:50:49 ET
Jamal Murray,player_points,22.5,-102,fanduel,0.504950495049505,08:49:53 PM ET,115,bovada,0.46511627906976744,08:50:08 PM ET,0.9700667741192723,3.0856871587942036,True,52.05,47.95,103.08,103.09,3.08,100.0,"Bet $52.05 Over @ fanduel, $47.95 Under @ bovada",Denver Nuggets @ Dallas Mavericks,2025-12-24T01:11:00Z,True,3,0.9437727666666667,0.6937727666666667,0.9437727666666667,False,,2025-12-23 20:50:49 ET
Ryan Rollins,player_threes,1.5,-150,bovada,0.6,08:50:44 PM ET,170,draftkings,0.37037037037037035,08:50:09 PM ET,0.9703703703703703,3.053435114503822,True,61.83,38.17,103.05,103.06,3.05,100.0,"Bet $61.83 Over @ bovada, $38.17 Under @ draftkings",Milwaukee Bucks @ Indiana Pacers,2025-12-24T00:41:00Z,True,2,0.09377276666666666,0.6771060999999999,0.6771060999999999,False,,2025-12-23 20:50:49 ET
Tyus Jones,player_rebounds,1.5,-105,betmgm,0.5121951219512195,08:50:22 PM ET,118,betonlineag,0.45871559633027525,08:48:46 PM ET,0.9709107182814948,2.9960820465545046,True,52.75,47.25,102.99,103.0,2.99,100.0,"Bet $52.75 Over @ betmgm, $47.25 Under @ betonlineag",Orlando Magic @ Portland Trail Blazers,2025-12-24T03:10:00Z,False,2,0.46043943333333337,2.0604394333333333,2.0604394333333333,True,betonlineag,2025-12-23 20:50:49 ET
Kyle Kuzma,player_points_rebounds_assists,21.5,-120,draftkings,0.5454545454545454,08:50:09 PM ET,135,bovada,0.425531914893617,08:50:44 PM ET,0.9709864603481624,2.98804780876496,True,56.18,43.82,103.0,102.98,2.98,100.0,"Bet $56.18 Over @ draftkings, $43.82 Under @ bovada",Milwaukee Bucks @ Indiana Pacers,2025-12-24T00:41:00Z,True,2,0.6771060999999999,0.09377276666666666,0.6771060999999999,False,,2025-12-23 20:50:49 ET
Deandre Ayton,player_rebounds,8.5,-120,betmgm,0.5454545454545454,08:50:09 PM ET,135,bovada,0.425531914893617,08:48:54 PM ET,0.9709864603481624,2.98804780876496,True,56.18,43.82,103.0,102.98,2.98,100.0,"Bet $56.18 Over @ betmgm, $43.82 Under @ bovada",Los Angeles Lakers @ Phoenix Suns,2025-12-24T02:10:00Z,False,4,0.6771060999999999,1.9271061,1.9271061,False,,2025-12-23 20:50:49 ET
Kevin Porter Jr.,player_points,19.5,-125,draftkings,0.5555555555555556,08:50:09 PM ET,140,bovada,0.4166666666666667,08:50:44 PM ET,0.9722222222222223,2.857142857142847,True,57.14,42.86,102.85,102.86,2.85,100.0,"Bet $57.14 Over @ draftkings, $42.86 Under @ bovada",Milwaukee Bucks @ Indiana Pacers,2025-12-24T00:41:00Z,True,2,0.6771060999999999,0.09377276666666666,0.6771060999999999,False,,2025-12-23 20:50:49 ET
Scottie Barnes,player_points,17.5,-125,draftkings,0.5555555555555556,08:50:36 PM ET,140,bovada,0.4166666666666667,08:48:06 PM ET,0.9722222222222223,2.857142857142847,True,57.14,42.86,102.85,102.86,2.85,100.0,"Bet $57.14 Over @ draftkings, $42.86 Under @ bovada",Toronto Raptors @ Miami Heat,2025-12-24T00:45:00Z,True,3,0.2271061,2.7271061,2.7271061,True,bovada,2025-12-23 20:50:49 ET
Jake LaRavia,player_points_rebounds_assists,17.5,-125,betmgm,0.5555555555555556,08:50:09 PM ET,140,bovada,0.4166666666666667,08:48:54 PM ET,0.9722222222222223,2.857142857142847,True,57.14,42.86,102.85,102.86,2.85,100.0,"Bet $57.14 Over @ betmgm, $42.86 Under @ bovada",Los Angeles Lakers @ Phoenix Suns,2025-12-24T02:10:00Z,False,2,0.6771060999999999,1.9271061,1.9271061,False,,2025-12-23 20:50:49 ET
Donovan Mitchell,player_rebounds,4.5,140,draftkings,0.41666666666666674,08:50:36 PM ET,-125,bovada,0.5555555555555556,08:47:50 PM ET,0.9722222222222223,2.857142857142847,True,42.86,57.14,102.86,102.85,2.85,100.0,"Bet $42.86 Over @ draftkings, $57.14 Under @ bovada",New Orleans Pelicans @ Cleveland Cavaliers,2025-12-24T00:42:00Z,True,4,0.2271061,2.9937727666666665,2.9937727666666665,True,bovada,2025-12-23 20:50:49 ET
Kevin Porter Jr.,player_points,20.5,-103,williamhill_us,0.5073891625615765,08:49:53 PM ET,115,bovada,0.46511627906976744,08:50:44 PM ET,0.9725054416313439,2.8271881258098652,True,52.17,47.83,102.82,102.83,2.82,100.0,"Bet $52.17 Over @ williamhill_us, $47.83 Under @ bovada",Milwaukee Bucks @ Indiana Pacers,2025-12-24T00:41:00Z,True,2,0.9437727666666667,0.09377276666666666,0.9437727666666667,False,,2025-12-23 20:50:49 ET
Jock Landale,player_points_rebounds_assists,20.5,-121,draftkings,0.5475113122171946,08:48:51 PM ET,135,bovada,0.425531914893617,08:50:27 PM ET,0.9730432271108116,2.770357178193339,True,56.27,43.73,102.77,102.77,2.77,100.0,"Bet $56.27 Over @ draftkings, $43.73 Under @ bovada",Memphis Grizzlies @ Utah Jazz,2025-12-24T02:10:00Z,False,3,1.9771061,0.3771061,1.9771061,False,,2025-12-23 20:50:49 ET
Devin Vassell,player_assists,1.5,-135,draftkings,0.574468085106383,08:50:34 PM ET,150,betrivers,0.4,08:40:15 PM ET,0.974468085106383,2.6200873362445254,True,58.95,41.05,102.62,102.62,2.62,100.0,"Bet $58.95 Over @ draftkings, $41.05 Under @ betrivers",Oklahoma City Thunder @ San Antonio Spurs,2025-12-24T01:41:00Z,True,4,0.26043943333333336,10.5771061,10.5771061,True,betrivers,2025-12-23 20:50:49 ET
Brandon Miller,player_threes,2.5,-144,fanduel,0.5901639344262295,08:50:45 PM ET,160,draftkings,0.38461538461538464,08:49:45 PM ET,0.9747793190416141,2.587322121604152,True,60.54,39.46,102.58,102.6,2.58,100.0,"Bet $60.54 Over @ fanduel, $39.46 Under @ draftkings",Washington Wizards @ Charlotte Hornets,2025-12-24T00:11:00Z,True,3,0.0771061,1.0771061000000002,1.0771061000000002,False,,2025-12-23 20:50:49 ET
Kris Dunn,player_steals,1.5,125,bovada,0.4444444444444444,08:49:05 PM ET,-113,draftkings,0.5305164319248826,08:50:44 PM ET,0.974960876369327,2.5682182985553803,True,45.59,54.41,102.58,102.56,2.56,100.0,"Bet $45.59 Over @ bovada, $54.41 Under @ draftkings",Houston Rockets @ Los Angeles Clippers,2025-12-24T04:10:00Z,False,3,1.7437727666666667,0.09377276666666666,1.7437727666666667,False,,2025-12-23 20:50:49 ET
C.J. McCollum,player_points,16.5,-122,fanduel,0.5495495495495497,08:50:45 PM ET,135,bovada,0.425531914893617,08:49:36 PM ET,0.9750814644431667,2.5555337133870593,True,56.36,43.64,102.56,102.55,2.55,100.0,"Bet $56.36 Over @ fanduel, $43.64 Under @ bovada",Washington Wizards @ Charlotte Hornets,2025-12-24T00:11:00Z,True,5,0.0771061,1.2271061,1.2271061,False,,2025-12-23 20:50:49 ET
Paolo Banchero,player_assists,5.5,116,fanduel,0.462962962962963,08:50:01 PM ET,-105,bovada,0.5121951219512195,08:49:24 PM ET,0.9751580849141825,2.5474756831866507,True,47.48,52.52,102.56,102.54,2.54,100.0,"Bet $47.48 Over @ fanduel, $52.52 Under @ bovada",Orlando Magic @ Portland Trail Blazers,2025-12-24T03:10:00Z,False,8,0.8104394333333332,1.4271061,1.4271061,False,,2025-12-23 20:50:49 ET
Devin Booker,player_assists,6.5,110,bovada,0.47619047619047616,08:48:54 PM ET,100,draftkings,0.5,08:49:52 PM ET,0.9761904761904762,2.4390243902439046,True,48.78,51.22,102.44,102.44,2.44,100.0,"Bet $48.78 Over @ bovada, $51.22 Under @ draftkings",Los Angeles Lakers @ Phoenix Suns,2025-12-24T02:10:00Z,False,7,1.9271061,0.9604394333333333,1.9271061,False,,2025-12-23 20:50:49 ET
Jarrett Allen,player_points_rebounds_assists,25.5,100,draftkings,0.5,08:50:36 PM ET,110,bovada,0.47619047619047616,08:47:50 PM ET,0.9761904761904762,2.4390243902439046,True,51.22,48.78,102.44,102.44,2.44,100.0,"Bet $51.22 Over @ draftkings, $48.78 Under @ bovada",New Orleans Pelicans @ Cleveland Cavaliers,2025-12-24T00:42:00Z,True,2,0.2271061,2.9937727666666665,2.9937727666666665,True,bovada,2025-12-23 20:50:49 ET
Brandon Ingram,player_threes,2.5,188,fanduel,0.3472222222222222,08:50:28 PM ET,-170,bovada,0.6296296296296297,08:48:06 PM ET,0.9768518518518519,2.369668246445489,True,35.55,64.45,102.38,102.36,2.36,100.0,"Bet $35.55 Over @ fanduel, $64.45 Under @ bovada",Toronto Raptors @ Miami Heat,2025-12-24T00:45:00Z,True,4,0.36043943333333334,2.7271061,2.7271061,True,bovada,2025-12-23 20:50:49 ET
Trae Young,player_points,20.5,-105,fanatics,0.5121951219512195,08:49:41 PM ET,115,bovada,0.46511627906976744,08:50:16 PM ET,0.9773114010209869,2.321532211259436,True,52.41,47.59,102.32,102.32,2.32,100.0,"Bet $52.41 Over @ fanatics, $47.59 Under @ bovada",Chicago Bulls @ Atlanta Hawks,2025-12-24T00:41:00Z,True,3,1.1437727666666668,0.5604394333333332,1.1437727666666668,False,,2025-12-23 20:50:49 ET
Trey Murphy III,player_points,21.5,115,bovada,0.4651162790697674,08:47:50 PM ET,-105,draftkings,0.5121951219512195,08:50:36 PM ET,0.9773114010209869,2.321532211259436,True,47.59,52.41,102.32,102.32,2.32,100.0,"Bet $47.59 Over @ bovada, $52.41 Under @ draftkings",New Orleans Pelicans @ Cleveland Cavaliers,2025-12-24T00:42:00Z,True,4,2.9937727666666665,0.2271061,2.9937727666666665,True,bovada,2025-12-23 20:50:49 ET
Kentavious Caldwell-Pope,player_points_rebounds_assists,17.5,115,bovada,0.4651162790697674,08:50:27 PM ET,-105,betmgm,0.5121951219512195,08:49:12 PM ET,0.9773114010209869,2.321532211259436,True,47.59,52.41,102.32,102.32,2.32,100.0,"Bet $47.59 Over @ bovada, $52.41 Under @ betmgm",Memphis Grizzlies @ Utah Jazz,2025-12-24T02:10:00Z,False,3,0.3771061,1.6271061,1.6271061,False,,2025-12-23 20:50:49 ET
Luke Kornet,player_points_rebounds_assists,14.5,115,bovada,0.4651162790697674,08:50:40 PM ET,-105,draftkings,0.5121951219512195,08:50:34 PM ET,0.9773114010209869,2.321532211259436,True,47.59,52.41,102.32,102.32,2.32,100.0,"Bet $47.59 Over @ bovada, $52.41 Under @ draftkings",Oklahoma City Thunder @ San Antonio Spurs,2025-12-24T01:41:00Z,True,3,0.16043943333333335,0.26043943333333336,0.26043943333333336,False,,2025-12-23 20:50:49 ET
Chet Holmgren,player_points,14.5,-128,fanduel,0.5614035087719298,08:50:25 PM ET,140,bovada,0.4166666666666667,08:50:40 PM ET,0.9780701754385965,2.2421524663677195,True,57.4,42.6,102.24,102.24,2.24,100.0,"Bet $57.40 Over @ fanduel, $42.60 Under @ bovada",Oklahoma City Thunder @ San Antonio Spurs,2025-12-24T01:41:00Z,True,2,0.4104394333333333,0.16043943333333335,0.4104394333333333,False,,2025-12-23 20:50:49 ET
Aaron Wiggins,player_points_rebounds_assists,13.5,120,bovada,0.4545454545454545,08:50:40 PM ET,-110,draftkings,0.5238095238095238,08:50:34 PM ET,0.9783549783549783,2.212389380530988,True,46.46,53.54,102.21,102.21,2.21,100.0,"Bet $46.46 Over @ bovada, $53.54 Under @ draftkings",Oklahoma City Thunder @ San Antonio Spurs,2025-12-24T01:41:00Z,True,2,0.16043943333333335,0.26043943333333336,0.26043943333333336,False,,2025-12-23 20:50:49 ET
Isaiah Collier,player_points_rebounds_assists,19.5,-110,betmgm,0.5238095238095237,08:49:12 PM ET,120,bovada,0.45454545454545453,08:50:27 PM ET,0.9783549783549783,2.212389380530988,True,53.54,46.46,102.21,102.21,2.21,100.0,"Bet $53.54 Over @ betmgm, $46.46 Under @ bovada",Memphis Grizzlies @ Utah Jazz,2025-12-24T02:10:00Z,False,4,1.6271061,0.3771061,1.6271061,False,,2025-12-23 20:50:49 ET
Naz Reid,player_threes,2.5,120,draftkings,0.4545454545454545,08:50:36 PM ET,-110,bovada,0.5238095238095238,08:47:42 PM ET,0.9783549783549783,2.212389380530988,True,46.46,53.54,102.21,102.21,2.21,100.0,"Bet $46.46 Over @ draftkings, $53.54 Under @ bovada",New York Knicks @ Minnesota Timberwolves,2025-12-24T01:11:00Z,True,4,0.2271061,3.1271060999999998,3.1271060999999998,True,bovada,2025-12-23 20:50:49 ET
James Harden,player_blocks,0.5,175,bovada,0.36363636363636365,08:49:05 PM ET,-160,draftkings,0.6153846153846154,08:50:44 PM ET,0.9790209790209791,2.1428571428571352,True,37.14,62.86,102.14,102.15,2.14,100.0,"Bet $37.14 Over @ bovada, $62.86 Under @ draftkings",Houston Rockets @ Los Angeles Clippers,2025-12-24T04:10:00Z,False,3,1.7437727666666667,0.09377276666666666,1.7437727666666667,False,,2025-12-23 20:50:49 ET
Kris Dunn,player_points,7.5,-115,fanduel,0.5348837209302325,08:50:00 PM ET,125,bovada,0.4444444444444444,08:49:05 PM ET,0.9793281653746769,2.110817941952514,True,54.62,45.38,102.12,102.1,2.11,100.0,"Bet $54.62 Over @ fanduel, $45.38 Under @ bovada",Houston Rockets @ Los Angeles Clippers,2025-12-24T04:10:00Z,False,7,0.8271061,1.7437727666666667,1.7437727666666667,False,,2025-12-23 20:50:49 ET
Aaron Wiggins,player_points,9.5,130,bovada,0.4347826086956521,08:50:40 PM ET,-120,draftkings,0.5454545454545454,08:50:34 PM ET,0.9802371541501975,2.016129032258074,True,44.35,55.65,102.0,102.02,2.0,100.0,"Bet $44.35 Over @ bovada, $55.65 Under @ draftkings",Oklahoma City Thunder @ San Antonio Spurs,2025-12-24T01:41:00Z,True,2,0.16043943333333335,0.26043943333333336,0.26043943333333336,False,,2025-12-23 20:50:49 ET
Brice Sensabaugh,player_points_rebounds_assists,15.5,-120,fanduel,0.5454545454545454,08:50:06 PM ET,130,bovada,0.43478260869565216,08:50:27 PM ET,0.9802371541501975,2.016129032258074,True,55.65,44.35,102.02,102.0,2.0,100.0,"Bet $55.65 Over @ fanduel, $44.35 Under @ bovada",Memphis Grizzlies @ Utah Jazz,2025-12-24T02:10:00Z,False,2,0.7271061,0.3771061,0.7271061,False,,2025-12-23 20:50:49 ET
Bruce Brown,player_points_rebounds_assists,15.5,130,bovada,0.4347826086956521,08:50:08 PM ET,-120,draftkings,0.5454545454545454,08:50:20 PM ET,0.9802371541501975,2.016129032258074,True,44.35,55.65,102.0,102.02,2.0,100.0,"Bet $44.35 Over @ bovada, $55.65 Under @ draftkings",Denver Nuggets @ Dallas Mavericks,2025-12-24T01:11:00Z,True,2,0.6937727666666667,0.4937727666666667,0.6937727666666667,False,,2025-12-23 20:50:49 ET
Devin Booker,player_rebounds,3.5,-120,bovada,0.5454545454545454,08:48:54 PM ET,130,fanduel,0.43478260869565216,08:50:22 PM ET,0.9802371541501975,2.016129032258074,True,55.65,44.35,102.02,102.0,2.0,100.0,"Bet $55.65 Over @ bovada, $44.35 Under @ fanduel",Los Angeles Lakers @ Phoenix Suns,2025-12-24T02:10:00Z,False,6,1.9271061,0.46043943333333337,1.9271061,False,,2025-12-23 20:50:49 ET
Harrison Barnes,player_assists,1.5,135,draftkings,0.42553191489361697,08:50:34 PM ET,-125,betmgm,0.5555555555555556,08:40:08 PM ET,0.9810874704491725,1.9277108433734869,True,43.37,56.63,101.92,101.93,1.92,100.0,"Bet $43.37 Over @ draftkings, $56.63 Under @ betmgm",Oklahoma City Thunder @ San Antonio Spurs,2025-12-24T01:41:00Z,True,3,0.26043943333333336,10.693772766666665,10.693772766666665,True,betmgm,2025-12-23 20:50:49 ET
Jalen Williams,player_points,18.5,-102,fanduel,0.504950495049505,08:50:25 PM ET,110,betrivers,0.47619047619047616,08:40:15 PM ET,0.9811409712399811,1.922152811148492,True,51.47,48.53,101.93,101.91,1.91,100.0,"Bet $51.47 Over @ fanduel, $48.53 Under @ betrivers",Oklahoma City Thunder @ San Antonio Spurs,2025-12-24T01:41:00Z,True,3,0.4104394333333333,10.5771061,10.5771061,True,betrivers,2025-12-23 20:50:49 ET
Scottie Barnes,player_points,18.5,-102,fanduel,0.504950495049505,08:50:28 PM ET,110,bovada,0.47619047619047616,08:48:06 PM ET,0.9811409712399811,1.922152811148492,True,51.47,48.53,101.93,101.91,1.91,100.0,"Bet $51.47 Over @ fanduel, $48.53 Under @ bovada",Toronto Raptors @ Miami Heat,2025-12-24T00:45:00Z,True,2,0.36043943333333334,2.7271061,2.7271061,True,bovada,2025-12-23 20:50:49 ET
Scottie Barnes,player_rebounds,9.5,110,bovada,0.47619047619047616,08:48:06 PM ET,-102,fanduel,0.504950495049505,08:50:28 PM ET,0.9811409712399811,1.922152811148492,True,48.53,51.47,101.91,101.93,1.91,100.0,"Bet $48.53 Over @ bovada, $51.47 Under @ fanduel",Toronto Raptors @ Miami Heat,2025-12-24T00:45:00Z,True,4,2.7271061,0.36043943333333334,2.7271061,True,bovada,2025-12-23 20:50:49 ET
Jalen Johnson,player_threes,1.5,-115,bovada,0.5348837209302326,08:50:16 PM ET,124,draftkings,0.44642857142857145,08:50:28 PM ET,0.981312292358804,1.904358865848499,True,54.51,45.49,101.91,101.9,1.9,100.0,"Bet $54.51 Over @ bovada, $45.49 Under @ draftkings",Chicago Bulls @ Atlanta Hawks,2025-12-24T00:41:00Z,True,3,0.5604394333333332,0.36043943333333334,0.5604394333333332,False,,2025-12-23 20:50:49 ET
Trae Young,player_threes,2.5,173,williamhill_us,0.36630036630036633,08:49:49 PM ET,-160,bovada,0.6153846153846154,08:50:16 PM ET,0.9816849816849818,1.8656716417910335,True,37.31,62.69,101.86,101.87,1.86,100.0,"Bet $37.31 Over @ williamhill_us, $62.69 Under @ bovada",Chicago Bulls @ Atlanta Hawks,2025-12-24T00:41:00Z,True,2,1.0104394333333333,0.5604394333333332,1.0104394333333333,False,,2025-12-23 20:50:49 ET
Mark Williams,player_points,12.5,140,bovada,0.41666666666666663,08:48:54 PM ET,-130,betmgm,0.5652173913043478,08:50:09 PM ET,0.9818840579710144,1.8450184501845213,True,42.44,57.56,101.86,101.84,1.84,100.0,"Bet $42.44 Over @ bovada, $57.56 Under @ betmgm",Los Angeles Lakers @ Phoenix Suns,2025-12-24T02:10:00Z,False,3,1.9271061,0.6771060999999999,1.9271061,False,,2025-12-23 20:50:49 ET
Trae Young,player_points,19.5,-130,fanduel,0.5652173913043477,08:50:23 PM ET,140,bovada,0.4166666666666667,08:50:16 PM ET,0.9818840579710144,1.8450184501845213,True,57.56,42.44,101.84,101.86,1.84,100.0,"Bet $57.56 Over @ fanduel, $42.44 Under @ bovada",Chicago Bulls @ Atlanta Hawks,2025-12-24T00:41:00Z,True,2,0.4437727666666667,0.5604394333333332,0.5604394333333332,False,,2025-12-23 20:50:49 ET
Scottie Barnes,player_points_rebounds_assists,30.5,-130,draftkings,0.5652173913043477,08:50:36 PM ET,140,bovada,0.4166666666666667,08:48:06 PM ET,0.9818840579710144,1.8450184501845213,True,57.56,42.44,101.84,101.86,1.84,100.0,"Bet $57.56 Over @ draftkings, $42.44 Under @ bovada",Toronto Raptors @ Miami Heat,2025-12-24T00:45:00Z,True,2,0.2271061,2.7271061,2.7271061,True,bovada,2025-12-23 20:50:49 ET
Simone Fontecchio,player_points_rebounds_assists,15.5,140,bovada,0.41666666666666663,08:48:06 PM ET,-130,draftkings,0.5652173913043478,08:50:36 PM ET,0.9818840579710144,1.8450184501845213,True,42.44,57.56,101.86,101.84,1.84,100.0,"Bet $42.44 Over @ bovada, $57.56 Under @ draftkings",Toronto Raptors @ Miami Heat,2025-12-24T00:45:00Z,True,2,2.7271061,0.2271061,2.7271061,True,bovada,2025-12-23 20:50:49 ET
Donte DiVincenzo,player_points,13.5,-112,fanduel,0.5283018867924527,08:48:55 PM ET,120,bovada,0.45454545454545453,08:47:42 PM ET,0.9828473413379073,1.7452006980802848,True,53.75,46.25,101.74,101.75,1.74,100.0,"Bet $53.75 Over @ fanduel, $46.25 Under @ bovada",New York Knicks @ Minnesota Timberwolves,2025-12-24T01:11:00Z,True,2,1.9104394333333334,3.1271060999999998,3.1271060999999998,True,bovada,2025-12-23 20:50:49 ET
Donovan Mitchell,player_threes,1.5,-112,fanduel,0.5283018867924527,08:50:03 PM ET,120,draftkings,0.45454545454545453,08:50:36 PM ET,0.9828473413379073,1.7452006980802848,True,53.75,46.25,101.74,101.75,1.74,100.0,"Bet $53.75 Over @ fanduel, $46.25 Under @ draftkings",New Orleans Pelicans @ Cleveland Cavaliers,2025-12-24T00:42:00Z,True,3,0.7771060999999999,0.2271061,0.7771060999999999,False,,2025-12-23 20:50:49 ET
Deandre Ayton,player_points,15.5,102,fanduel,0.49504950495049505,08:50:22 PM ET,105,bovada,0.4878048780487805,08:48:54 PM ET,0.9828543829992755,1.7444717444717428,True,50.37,49.63,101.75,101.74,1.74,100.0,"Bet $50.37 Over @ fanduel, $49.63 Under @ bovada",Los Angeles Lakers @ Phoenix Suns,2025-12-24T02:10:00Z,False,4,0.46043943333333337,1.9271061,1.9271061,False,,2025-12-23 20:50:49 ET
Onyeka Okongwu,player_assists,3.5,150,bovada,0.4,08:50:16 PM ET,-140,draftkings,0.5833333333333334,08:50:28 PM ET,0.9833333333333334,1.6949152542372836,True,40.68,59.32,101.7,101.69,1.69,100.0,"Bet $40.68 Over @ bovada, $59.32 Under @ draftkings",Chicago Bulls @ Atlanta Hawks,2025-12-24T00:41:00Z,True,4,0.5604394333333332,0.36043943333333334,0.5604394333333332,False,,2025-12-23 20:50:49 ET
Paul George,player_rebounds,4.5,-140,draftkings,0.5833333333333334,08:50:33 PM ET,150,bovada,0.4,08:46:57 PM ET,0.9833333333333334,1.6949152542372836,True,59.32,40.68,101.69,101.7,1.69,100.0,"Bet $59.32 Over @ draftkings, $40.68 Under @ bovada",Brooklyn Nets @ Philadelphia 76ers,2025-12-24T00:12:00Z,True,3,0.2771061,3.8771060999999998,3.8771060999999998,True,bovada,2025-12-23 20:50:49 ET
Karl-Anthony Towns,player_rebounds,9.5,-103,williamhill_us,0.5073891625615764,08:49:56 PM ET,110,bovada,0.47619047619047616,08:47:42 PM ET,0.9835796387520526,1.6694490818029983,True,51.59,48.41,101.68,101.66,1.66,100.0,"Bet $51.59 Over @ williamhill_us, $48.41 Under @ bovada",New York Knicks @ Minnesota Timberwolves,2025-12-24T01:11:00Z,True,3,0.8937727666666666,3.1271060999999998,3.1271060999999998,True,bovada,2025-12-23 20:50:49 ET
Pascal Siakam,player_rebounds,6.5,-105,bovada,0.5121951219512195,08:50:44 PM ET,112,fanduel,0.4716981132075472,08:50:47 PM ET,0.9838932351587667,1.6370439663236702,True,52.06,47.94,101.64,101.63,1.63,100.0,"Bet $52.06 Over @ bovada, $47.94 Under @ fanduel",Milwaukee Bucks @ Indiana Pacers,2025-12-24T00:41:00Z,True,4,0.09377276666666666,0.043772766666666664,0.09377276666666666,False,,2025-12-23 20:50:49 ET
Kel'el Ware,player_threes,1.5,155,bovada,0.392156862745098,08:48:06 PM ET,-145,draftkings,0.5918367346938775,08:50:36 PM ET,0.9839935974389755,1.6266775111834164,True,39.85,60.15,101.62,101.63,1.62,100.0,"Bet $39.85 Over @ bovada, $60.15 Under @ draftkings",Toronto Raptors @ Miami Heat,2025-12-24T00:45:00Z,True,2,2.7271061,0.2271061,2.7271061,True,bovada,2025-12-23 20:50:49 ET
LaMelo Ball,player_assists,7.5,-120,bovada,0.5454545454545454,08:49:36 PM ET,128,williamhill_us,0.43859649122807015,08:50:11 PM ET,0.9840510366826156,1.620745542949753,True,55.43,44.57,101.62,101.62,1.62,100.0,"Bet $55.43 Over @ bovada, $44.57 Under @ williamhill_us",Washington Wizards @ Charlotte Hornets,2025-12-24T00:11:00Z,True,4,1.2271061,0.6437727666666666,1.2271061,False,,2025-12-23 20:50:49 ET
Jeremiah Fears,player_points,15.5,130,bovada,0.4347826086956522,08:47:50 PM ET,-122,fanduel,0.5495495495495496,08:48:50 PM ET,0.9843321582452018,1.5917230401909954,True,44.17,55.83,101.59,101.59,1.59,100.0,"Bet $44.17 Over @ bovada, $55.83 Under @ fanduel",New Orleans Pelicans @ Cleveland Cavaliers,2025-12-24T00:42:00Z,True,2,2.9937727666666665,1.9937727666666667,2.9937727666666665,True,bovada,2025-12-23 20:50:49 ET
Cameron Johnson,player_assists,2.5,105,draftkings,0.4878048780487804,08:50:20 PM ET,101,williamhill_us,0.4975124378109453,08:50:12 PM ET,0.9853173158597257,1.4901477832512278,True,49.51,50.49,101.5,101.48,1.48,100.0,"Bet $49.51 Over @ draftkings, $50.49 Under @ williamhill_us",Denver Nuggets @ Dallas Mavericks,2025-12-24T01:11:00Z,True,2,0.4937727666666667,0.6271061,0.6271061,False,,2025-12-23 20:50:49 ET
Alperen Sengun,player_rebounds,8.5,106,fanduel,0.4854368932038835,08:48:36 PM ET,100,bovada,0.5,08:49:05 PM ET,0.9854368932038835,1.4778325123152802,True,49.26,50.74,101.48,101.48,1.48,100.0,"Bet $49.26 Over @ fanduel, $50.74 Under @ bovada",Houston Rockets @ Los Angeles Clippers,2025-12-24T04:10:00Z,False,7,2.2271061,1.7437727666666667,2.2271061,True,fanduel,2025-12-23 20:50:49 ET
Kentavious Caldwell-Pope,player_assists,4.5,125,bovada,0.4444444444444444,08:50:27 PM ET,-118,betmgm,0.5412844036697247,08:49:12 PM ET,0.9857288481141692,1.4477766287487093,True,45.09,54.91,101.45,101.44,1.44,100.0,"Bet $45.09 Over @ bovada, $54.91 Under @ betmgm",Memphis Grizzlies @ Utah Jazz,2025-12-24T02:10:00Z,False,5,0.3771061,1.6271061,1.6271061,False,,2025-12-23 20:50:49 ET
Keegan Murray,player_rebounds,6.5,145,bovada,0.40816326530612246,08:50:07 PM ET,-137,betrivers,0.5780590717299579,08:50:17 PM ET,0.9862223370360803,1.3970138828254486,True,41.39,58.61,101.41,101.39,1.39,100.0,"Bet $41.39 Over @ bovada, $58.61 Under @ betrivers",Detroit Pistons @ Sacramento Kings,2025-12-24T03:10:00Z,False,3,0.7104394333333333,0.5437727666666666,0.7104394333333333,False,,2025-12-23 20:50:49 ET
Santi Aldama,player_points,18.5,175,bovada,0.36363636363636365,08:50:27 PM ET,-165,betrivers,0.6226415094339622,08:49:50 PM ET,0.9862778730703259,1.3913043478260834,True,36.87,63.13,101.39,101.39,1.39,100.0,"Bet $36.87 Over @ bovada, $63.13 Under @ betrivers",Memphis Grizzlies @ Utah Jazz,2025-12-24T02:10:00Z,False,2,0.3771061,0.9937727666666666,0.9937727666666666,False,,2025-12-23 20:50:49 ET
Julian Champagnie,player_rebounds,3.5,-108,fanduel,0.5192307692307692,08:50:25 PM ET,114,draftkings,0.4672897196261682,08:50:34 PM ET,0.9865204888569374,1.3663691018400481,True,52.63,47.37,101.36,101.37,1.36,100.0,"Bet $52.63 Over @ fanduel, $47.37 Under @ draftkings",Oklahoma City Thunder @ San Antonio Spurs,2025-12-24T01:41:00Z,True,5,0.4104394333333333,0.26043943333333336,0.4104394333333333,False,,2025-12-23 20:50:49 ET
A.J. Green,player_points,4.5,116,fanduel,0.4629629629629629,08:50:47 PM ET,-110,draftkings,0.5238095238095238,08:50:09 PM ET,0.9867724867724867,1.3404825737265424,True,46.92,53.08,101.35,101.33,1.33,100.0,"Bet $46.92 Over @ fanduel, $53.08 Under @ draftkings",Milwaukee Bucks @ Indiana Pacers,2025-12-24T00:41:00Z,True,2,0.043772766666666664,0.6771060999999999,0.6771060999999999,False,,2025-12-23 20:50:49 ET
Santi Aldama,player_threes,2.5,185,bovada,0.3508771929824561,08:50:27 PM ET,-175,betmgm,0.6363636363636364,08:49:12 PM ET,0.9872408293460925,1.292407108239102,True,35.54,64.46,101.29,101.29,1.29,100.0,"Bet $35.54 Over @ bovada, $64.46 Under @ betmgm",Memphis Grizzlies @ Utah Jazz,2025-12-24T02:10:00Z,False,3,0.3771061,1.6271061,1.6271061,False,,2025-12-23 20:50:49 ET
Luguentz Dort,player_points,6.5,-114,fanduel,0.5327102803738317,08:50:25 PM ET,120,bovada,0.45454545454545453,08:50:40 PM ET,0.9872557349192863,1.2908777969018903,True,53.96,46.04,101.29,101.29,1.29,100.0,"Bet $53.96 Over @ fanduel, $46.04 Under @ bovada",Oklahoma City Thunder @ San Antonio Spurs,2025-12-24T01:41:00Z,True,2,0.4104394333333333,0.16043943333333335,0.4104394333333333,False,,2025-12-23 20:50:49 ET
Victor Wembanyama,player_rebounds,9.5,120,bovada,0.4545454545454546,08:50:40 PM ET,-114,fanduel,0.5327102803738317,08:50:25 PM ET,0.9872557349192863,1.2908777969018903,True,46.04,53.96,101.29,101.29,1.29,100.0,"Bet $46.04 Over @ bovada, $53.96 Under @ fanduel",Oklahoma City Thunder @ San Antonio Spurs,2025-12-24T01:41:00Z,True,3,0.16043943333333335,0.4104394333333333,0.4104394333333333,False,,2025-12-23 20:50:49 ET
Jock Landale,player_points,12.5,100,fanduel,0.5,08:50:06 PM ET,105,betmgm,0.4878048780487805,08:49:12 PM ET,0.9878048780487805,1.2345679012345734,True,50.62,49.38,101.24,101.23,1.23,100.0,"Bet $50.62 Over @ fanduel, $49.38 Under @ betmgm",Memphis Grizzlies @ Utah Jazz,2025-12-24T02:10:00Z,False,4,0.7271061,1.6271061,1.6271061,False,,2025-12-23 20:50:49 ET
Alex Caruso,player_rebounds,2.5,105,draftkings,0.4878048780487805,08:50:34 PM ET,100,fanduel,0.5,08:50:25 PM ET,0.9878048780487805,1.2345679012345734,True,49.38,50.62,101.23,101.24,1.23,100.0,"Bet $49.38 Over @ draftkings, $50.62 Under @ fanduel",Oklahoma City Thunder @ San Antonio Spurs,2025-12-24T01:41:00Z,True,5,0.26043943333333336,0.4104394333333333,0.4104394333333333,False,,2025-12-23 20:50:49 ET
Jake LaRavia,player_points,10.5,-110,williamhill_us,0.523809523809524,08:49:50 PM ET,115,bovada,0.46511627906976744,08:48:54 PM ET,0.9889258028792913,1.119820828667395,True,52.97,47.03,101.12,101.11,1.11,100.0,"Bet $52.97 Over @ williamhill_us, $47.03 Under @ bovada",Los Angeles Lakers @ Phoenix Suns,2025-12-24T02:10:00Z,False,6,0.9937727666666666,1.9271061,1.9271061,False,,2025-12-23 20:50:49 ET
Coby White,player_assists,3.5,-130,draftkings,0.5652173913043478,08:50:28 PM ET,136,fanduel,0.423728813559322,08:50:23 PM ET,0.9889462048636698,1.1177347242921076,True,57.15,42.85,101.11,101.13,1.11,100.0,"Bet $57.15 Over @ draftkings, $42.85 Under @ fanduel",Chicago Bulls @ Atlanta Hawks,2025-12-24T00:41:00Z,True,3,0.36043943333333334,0.4437727666666667,0.4437727666666667,False,,2025-12-23 20:50:49 ET
Kentavious Caldwell-Pope,player_threes,1.5,-115,bovada,0.5348837209302324,08:50:27 PM ET,120,betmgm,0.45454545454545453,08:49:12 PM ET,0.989429175475687,1.0683760683760868,True,54.06,45.94,101.07,101.07,1.07,100.0,"Bet $54.06 Over @ bovada, $45.94 Under @ betmgm",Memphis Grizzlies @ Utah Jazz,2025-12-24T02:10:00Z,False,6,0.3771061,1.6271061,1.6271061,False,,2025-12-23 20:50:49 ET
Kentavious Caldwell-Pope,player_points,10.5,125,bovada,0.4444444444444444,08:50:27 PM ET,-120,betmgm,0.5454545454545454,08:49:12 PM ET,0.9898989898989898,1.0204081632653184,True,44.9,55.1,101.02,101.02,1.02,100.0,"Bet $44.90 Over @ bovada, $55.10 Under @ betmgm",Memphis Grizzlies @ Utah Jazz,2025-12-24T02:10:00Z,False,5,0.3771061,1.6271061,1.6271061,False,,2025-12-23 20:50:49 ET
Jalen Williams,player_steals,1.5,150,draftkings,0.4,08:50:34 PM ET,-144,fanduel,0.5901639344262295,08:40:44 PM ET,0.9901639344262295,0.9933774834437026,True,40.4,59.6,101.0,100.99,0.99,100.0,"Bet $40.40 Over @ draftkings, $59.60 Under @ fanduel",Oklahoma City Thunder @ San Antonio Spurs,2025-12-24T01:41:00Z,True,2,0.26043943333333336,10.093772766666666,10.093772766666666,True,fanduel,2025-12-23 20:50:49 ET
Paul George,player_rebounds,5.5,130,fanduel,0.4347826086956521,08:49:50 PM ET,-125,bovada,0.5555555555555556,08:46:57 PM ET,0.9903381642512077,0.9756097560975618,True,43.9,56.1,100.97,100.98,0.97,100.0,"Bet $43.90 Over @ fanduel, $56.10 Under @ bovada",Brooklyn Nets @ Philadelphia 76ers,2025-12-24T00:12:00Z,True,2,0.9937727666666666,3.8771060999999998,3.8771060999999998,True,bovada,2025-12-23 20:50:49 ET
Kel'el Ware,player_rebounds,11.5,-130,fanduel,0.5652173913043479,08:50:28 PM ET,135,bovada,0.425531914893617,08:48:06 PM ET,0.9907493061979649,0.9337068160597539,True,57.05,42.95,100.93,100.93,0.93,100.0,"Bet $57.05 Over @ fanduel, $42.95 Under @ bovada",Toronto Raptors @ Miami Heat,2025-12-24T00:45:00Z,True,4,0.36043943333333334,2.7271061,2.7271061,True,bovada,2025-12-23 20:50:49 ET
Cam Spencer,player_threes,3.5,135,bovada,0.4255319148936171,08:50:27 PM ET,-130,fanduel,0.5652173913043478,08:50:06 PM ET,0.9907493061979649,0.9337068160597539,True,42.95,57.05,100.93,100.93,0.93,100.0,"Bet $42.95 Over @ bovada, $57.05 Under @ fanduel",Memphis Grizzlies @ Utah Jazz,2025-12-24T02:10:00Z,False,8,0.3771061,0.7271061,0.7271061,False,,2025-12-23 20:50:49 ET
Toumani Camara,player_threes,2.5,140,betonlineag,0.41666666666666674,08:48:46 PM ET,-135,bovada,0.574468085106383,08:49:24 PM ET,0.9911347517730498,0.8944543828264706,True,42.04,57.96,100.9,100.89,0.89,100.0,"Bet $42.04 Over @ betonlineag, $57.96 Under @ bovada",Orlando Magic @ Portland Trail Blazers,2025-12-24T03:10:00Z,False,7,2.0604394333333333,1.4271061,2.0604394333333333,True,betonlineag,2025-12-23 20:50:49 ET
Kris Murray,player_threes,0.5,-164,betonlineag,0.6212121212121212,08:48:46 PM ET,170,bovada,0.37037037037037035,08:49:24 PM ET,0.9915824915824916,0.8488964346349714,True,62.65,37.35,100.85,100.85,0.85,100.0,"Bet $62.65 Over @ betonlineag, $37.35 Under @ bovada",Orlando Magic @ Portland Trail Blazers,2025-12-24T03:10:00Z,False,5,2.0604394333333333,1.4271061,2.0604394333333333,True,betonlineag,2025-12-23 20:50:49 ET
Donte DiVincenzo,player_points,14.5,108,williamhill_us,0.48076923076923084,08:49:56 PM ET,-105,bovada,0.5121951219512195,08:47:42 PM ET,0.9929643527204504,0.7085498346717012,True,48.42,51.58,100.71,100.7,0.7,100.0,"Bet $48.42 Over @ williamhill_us, $51.58 Under @ bovada",New York Knicks @ Minnesota Timberwolves,2025-12-24T01:11:00Z,True,2,0.8937727666666666,3.1271060999999998,3.1271060999999998,True,bovada,2025-12-23 20:50:49 ET
Davion Mitchell,player_threes,1.5,170,bovada,0.37037037037037035,08:48:06 PM ET,-165,fanatics,0.6226415094339622,08:49:55 PM ET,0.9930118798043326,0.703729767769179,True,37.3,62.7,100.71,100.7,0.7,100.0,"Bet $37.30 Over @ bovada, $62.70 Under @ fanatics",Toronto Raptors @ Miami Heat,2025-12-24T00:45:00Z,True,3,2.7271061,0.9104394333333333,2.7271061,True,bovada,2025-12-23 20:50:49 ET
Devin Booker,player_points_rebounds_assists,37.5,110,bovada,0.47619047619047616,08:48:54 PM ET,-107,draftkings,0.5169082125603864,08:49:52 PM ET,0.9930986887508626,0.6949270326615853,True,47.95,52.05,100.7,100.69,0.69,100.0,"Bet $47.95 Over @ bovada, $52.05 Under @ draftkings",Los Angeles Lakers @ Phoenix Suns,2025-12-24T02:10:00Z,False,3,1.9271061,0.9604394333333333,1.9271061,False,,2025-12-23 20:50:49 ET
Harrison Barnes,player_points_rebounds_assists,15.5,113,betonlineag,0.4694835680751174,08:40:25 PM ET,-110,betmgm,0.5238095238095238,08:40:08 PM ET,0.9932930918846412,0.6752194463200523,True,47.27,52.73,100.69,100.67,0.67,100.0,"Bet $47.27 Over @ betonlineag, $52.73 Under @ betmgm",Oklahoma City Thunder @ San Antonio Spurs,2025-12-24T01:41:00Z,True,3,10.410439433333332,10.693772766666665,10.693772766666665,True,"betonlineag, betmgm",2025-12-23 20:50:49 ET
LeBron James,player_points_rebounds_assists,36.5,-112,betonlineag,0.5283018867924529,08:50:11 PM ET,115,bovada,0.46511627906976744,08:48:54 PM ET,0.9934181658622203,0.6625441696113121,True,53.18,46.82,100.66,100.66,0.66,100.0,"Bet $53.18 Over @ betonlineag, $46.82 Under @ bovada",Los Angeles Lakers @ Phoenix Suns,2025-12-24T02:10:00Z,False,4,0.6437727666666666,1.9271061,1.9271061,False,,2025-12-23 20:50:49 ET
De'Aaron Fox,player_assists,6.5,118,fanduel,0.45871559633027525,08:50:25 PM ET,-115,draftkings,0.5348837209302325,08:50:34 PM ET,0.9935993172605078,0.6441915396177889,True,46.17,53.83,100.65,100.64,0.64,100.0,"Bet $46.17 Over @ fanduel, $53.83 Under @ draftkings",Oklahoma City Thunder @ San Antonio Spurs,2025-12-24T01:41:00Z,True,3,0.4104394333333333,0.26043943333333336,0.4104394333333333,False,,2025-12-23 20:50:49 ET
Jaden Hardy,player_threes,1.5,140,draftkings,0.41666666666666674,08:50:20 PM ET,-137,williamhill_us,0.5780590717299579,08:50:12 PM ET,0.9947257383966246,0.5302226935312682,True,41.89,58.11,100.54,100.53,0.53,100.0,"Bet $41.89 Over @ draftkings, $58.11 Under @ williamhill_us",Denver Nuggets @ Dallas Mavericks,2025-12-24T01:11:00Z,True,3,0.4937727666666667,0.6271061,0.6271061,False,,2025-12-23 20:50:49 ET
Tyus Jones,player_assists,3.5,145,bovada,0.40816326530612246,08:49:24 PM ET,-142,fanduel,0.5867768595041323,08:50:01 PM ET,0.9949401248102547,0.5085607730123787,True,41.02,58.98,100.5,100.52,0.5,100.0,"Bet $41.02 Over @ bovada, $58.98 Under @ fanduel",Orlando Magic @ Portland Trail Blazers,2025-12-24T03:10:00Z,False,5,1.4271061,0.8104394333333332,1.4271061,False,,2025-12-23 20:50:49 ET
Mark Williams,player_points,11.5,105,bovada,0.4878048780487805,08:48:54 PM ET,-103,betrivers,0.5073891625615764,08:49:56 PM ET,0.9951940406103569,0.48291681757817173,True,49.02,50.98,100.49,100.48,0.48,100.0,"Bet $49.02 Over @ bovada, $50.98 Under @ betrivers",Los Angeles Lakers @ Phoenix Suns,2025-12-24T02:10:00Z,False,6,1.9271061,0.8937727666666666,1.9271061,False,,2025-12-23 20:50:49 ET
Cam Spencer,player_rebounds,3.5,-105,betmgm,0.5121951219512195,08:49:12 PM ET,107,draftkings,0.4830917874396135,08:48:51 PM ET,0.995286909390833,0.4735409020954151,True,51.46,48.54,100.47,100.48,0.47,100.0,"Bet $51.46 Over @ betmgm, $48.54 Under @ draftkings",Memphis Grizzlies @ Utah Jazz,2025-12-24T02:10:00Z,False,5,1.6271061,1.9771061,1.9771061,False,,2025-12-23 20:50:49 ET
James Harden,player_points,22.5,-108,betonlineag,0.5192307692307693,08:48:35 PM ET,110,bovada,0.47619047619047616,08:49:05 PM ET,0.9954212454212454,0.4599816007359703,True,52.16,47.84,100.46,100.46,0.46,100.0,"Bet $52.16 Over @ betonlineag, $47.84 Under @ bovada",Houston Rockets @ Los Angeles Clippers,2025-12-24T04:10:00Z,False,7,2.2437727666666665,1.7437727666666667,2.2437727666666665,True,betonlineag,2025-12-23 20:50:49 ET
Isaiah Collier,player_points,9.5,-113,fanduel,0.5305164319248827,08:50:06 PM ET,115,bovada,0.46511627906976744,08:50:27 PM ET,0.9956327109946501,0.43864458822238106,True,53.28,46.72,100.43,100.45,0.43,100.0,"Bet $53.28 Over @ fanduel, $46.72 Under @ bovada",Memphis Grizzlies @ Utah Jazz,2025-12-24T02:10:00Z,False,7,0.7271061,0.3771061,0.7271061,False,,2025-12-23 20:50:49 ET
Royce O'Neale,player_points,9.5,-113,draftkings,0.5305164319248827,08:49:52 PM ET,115,bovada,0.46511627906976744,08:48:54 PM ET,0.9956327109946501,0.43864458822238106,True,53.28,46.72,100.43,100.45,0.43,100.0,"Bet $53.28 Over @ draftkings, $46.72 Under @ bovada",Los Angeles Lakers @ Phoenix Suns,2025-12-24T02:10:00Z,False,6,0.9604394333333333,1.9271061,1.9271061,False,,2025-12-23 20:50:49 ET
Oso Ighodaro,player_rebounds,4.5,-113,fanduel,0.5305164319248827,08:50:22 PM ET,115,bovada,0.46511627906976744,08:48:54 PM ET,0.9956327109946501,0.43864458822238106,True,53.28,46.72,100.43,100.45,0.43,100.0,"Bet $53.28 Over @ fanduel, $46.72 Under @ bovada",Los Angeles Lakers @ Phoenix Suns,2025-12-24T02:10:00Z,False,5,0.46043943333333337,1.9271061,1.9271061,False,,2025-12-23 20:50:49 ET
Devin Booker,player_points,27.5,120,bovada,0.4545454545454545,08:48:54 PM ET,-118,fanduel,0.5412844036697247,08:50:22 PM ET,0.9958298582151792,0.41876046901172526,True,45.64,54.36,100.41,100.43,0.41,100.0,"Bet $45.64 Over @ bovada, $54.36 Under @ fanduel",Los Angeles Lakers @ Phoenix Suns,2025-12-24T02:10:00Z,False,6,1.9271061,0.46043943333333337,1.9271061,False,,2025-12-23 20:50:49 ET
Mikal Bridges,player_points,18.5,-118,fanduel,0.5412844036697246,08:48:55 PM ET,120,bovada,0.45454545454545453,08:47:42 PM ET,0.9958298582151792,0.41876046901172526,True,54.36,45.64,100.43,100.41,0.41,100.0,"Bet $54.36 Over @ fanduel, $45.64 Under @ bovada",New York Knicks @ Minnesota Timberwolves,2025-12-24T01:11:00Z,True,2,1.9104394333333334,3.1271060999999998,3.1271060999999998,True,bovada,2025-12-23 20:50:49 ET
T.J. McConnell,player_rebounds,2.5,120,draftkings,0.4545454545454545,08:50:09 PM ET,-118,fanduel,0.5412844036697247,08:50:47 PM ET,0.9958298582151792,0.41876046901172526,True,45.64,54.36,100.41,100.43,0.41,100.0,"Bet $45.64 Over @ draftkings, $54.36 Under @ fanduel",Milwaukee Bucks @ Indiana Pacers,2025-12-24T00:41:00Z,True,3,0.6771060999999999,0.043772766666666664,0.6771060999999999,False,,2025-12-23 20:50:49 ET
Karl-Anthony Towns,player_threes,2.5,120,bovada,0.4545454545454545,08:47:42 PM ET,-118,fanduel,0.5412844036697247,08:48:55 PM ET,0.9958298582151792,0.41876046901172526,True,45.64,54.36,100.41,100.43,0.41,100.0,"Bet $45.64 Over @ bovada, $54.36 Under @ fanduel",New York Knicks @ Minnesota Timberwolves,2025-12-24T01:11:00Z,True,4,3.1271060999999998,1.9104394333333334,3.1271060999999998,True,bovada,2025-12-23 20:50:49 ET
Dean Wade,player_points,13.5,-128,fanduel,0.5614035087719298,08:48:50 PM ET,130,draftkings,0.43478260869565216,08:50:36 PM ET,0.9961861174675819,0.382848392036772,True,56.36,43.64,100.39,100.37,0.37,100.0,"Bet $56.36 Over @ fanduel, $43.64 Under @ draftkings",New Orleans Pelicans @ Cleveland Cavaliers,2025-12-24T00:42:00Z,True,2,1.9937727666666667,0.2271061,1.9937727666666667,False,,2025-12-23 20:50:49 ET
Michael Porter Jr,player_threes,6.5,168,fanduel,0.37313432835820903,08:49:50 PM ET,-166,draftkings,0.6240601503759399,08:50:33 PM ET,0.9971944787341489,0.2813414359666755,True,37.42,62.58,100.29,100.28,0.28,100.0,"Bet $37.42 Over @ fanduel, $62.58 Under @ draftkings",Brooklyn Nets @ Philadelphia 76ers,2025-12-24T00:12:00Z,True,3,0.9937727666666666,0.2771061,0.9937727666666666,False,,2025-12-23 20:50:49 ET
Paul George,player_assists,3.5,116,fanduel,0.4629629629629629,08:49:50 PM ET,-115,bovada,0.5348837209302325,08:46:57 PM ET,0.9978466838931954,0.21579628830386,True,46.4,53.6,100.22,100.21,0.21,100.0,"Bet $46.40 Over @ fanduel, $53.60 Under @ bovada",Brooklyn Nets @ Philadelphia 76ers,2025-12-24T00:12:00Z,True,4,0.9937727666666666,3.8771060999999998,3.8771060999999998,True,bovada,2025-12-23 20:50:49 ET
Stephon Castle,player_points_rebounds_assists,26.5,-115,draftkings,0.5348837209302324,08:50:34 PM ET,116,betrivers,0.46296296296296297,08:40:15 PM ET,0.9978466838931954,0.21579628830386,True,53.6,46.4,100.21,100.22,0.21,100.0,"Bet $53.60 Over @ draftkings, $46.40 Under @ betrivers",Oklahoma City Thunder @ San Antonio Spurs,2025-12-24T01:41:00Z,True,3,0.26043943333333336,10.5771061,10.5771061,True,betrivers,2025-12-23 20:50:49 ET
Cason Wallace,player_rebounds,2.5,-119,betonlineag,0.54337899543379,08:40:25 PM ET,120,williamhill_us,0.45454545454545453,08:49:36 PM ET,0.9979244499792446,0.2079866888519133,True,54.45,45.55,100.21,100.21,0.21,100.0,"Bet $54.45 Over @ betonlineag, $45.55 Under @ williamhill_us",Oklahoma City Thunder @ San Antonio Spurs,2025-12-24T01:41:00Z,True,3,10.410439433333332,1.2271061,10.410439433333332,True,betonlineag,2025-12-23 20:50:49 ET
